600-m aspect ratio site information
          Site    x,y,z (metre)
           1   200.000000000000        225.000000000000       0.200000000000000     
           2   201.000000000000        225.000000000000       0.200000000000000     
           3   202.000000000000        225.000000000000       0.200000000000000     
           4   203.000000000000        225.000000000000       0.200000000000000     
           5   204.000000000000        225.000000000000       0.200000000000000     
           6   205.000000000000        225.000000000000       0.200000000000000     
           7   206.000000000000        225.000000000000       0.200000000000000     
           8   207.000000000000        225.000000000000       0.200000000000000     
           9   208.000000000000        225.000000000000       0.200000000000000     
          10   209.000000000000        225.000000000000       0.200000000000000     
          11   210.000000000000        225.000000000000       0.200000000000000     
          12   211.000000000000        225.000000000000       0.200000000000000     
          13   212.000000000000        225.000000000000       0.200000000000000     
          14   213.000000000000        225.000000000000       0.200000000000000     
          15   214.000000000000        225.000000000000       0.200000000000000     
          16   215.000000000000        225.000000000000       0.200000000000000     
          17   216.000000000000        225.000000000000       0.200000000000000     
          18   217.000000000000        225.000000000000       0.200000000000000     
          19   218.000000000000        225.000000000000       0.200000000000000     
          20   219.000000000000        225.000000000000       0.200000000000000     
          21   220.000000000000        225.000000000000       0.200000000000000     
          22   221.000000000000        225.000000000000       0.200000000000000     
          23   222.000000000000        225.000000000000       0.200000000000000     
          24   223.000000000000        225.000000000000       0.200000000000000     
          25   224.000000000000        225.000000000000       0.200000000000000     
          26   225.000000000000        225.000000000000       0.200000000000000     
          27   226.000000000000        225.000000000000       0.200000000000000     
          28   227.000000000000        225.000000000000       0.200000000000000     
          29   228.000000000000        225.000000000000       0.200000000000000     
          30   229.000000000000        225.000000000000       0.200000000000000     
          31   230.000000000000        225.000000000000       0.200000000000000     
          32   231.000000000000        225.000000000000       0.200000000000000     
          33   232.000000000000        225.000000000000       0.200000000000000     
          34   233.000000000000        225.000000000000       0.200000000000000     
          35   234.000000000000        225.000000000000       0.200000000000000     
          36   235.000000000000        225.000000000000       0.200000000000000     
          37   236.000000000000        225.000000000000       0.200000000000000     
          38   237.000000000000        225.000000000000       0.200000000000000     
          39   238.000000000000        225.000000000000       0.200000000000000     
          40   239.000000000000        225.000000000000       0.200000000000000     
          41   240.000000000000        225.000000000000       0.200000000000000     
          42   241.000000000000        225.000000000000       0.200000000000000     
          43   242.000000000000        225.000000000000       0.200000000000000     
          44   243.000000000000        225.000000000000       0.200000000000000     
          45   244.000000000000        225.000000000000       0.200000000000000     
          46   245.000000000000        225.000000000000       0.200000000000000     
          47   246.000000000000        225.000000000000       0.200000000000000     
          48   247.000000000000        225.000000000000       0.200000000000000     
          49   248.000000000000        225.000000000000       0.200000000000000     
          50   249.000000000000        225.000000000000       0.200000000000000     
          51   250.000000000000        225.000000000000       0.200000000000000     
          52   251.000000000000        225.000000000000       0.200000000000000     
          53   252.000000000000        225.000000000000       0.200000000000000     
          54   253.000000000000        225.000000000000       0.200000000000000     
          55   254.000000000000        225.000000000000       0.200000000000000     
          56   255.000000000000        225.000000000000       0.200000000000000     
          57   256.000000000000        225.000000000000       0.200000000000000     
          58   257.000000000000        225.000000000000       0.200000000000000     
          59   258.000000000000        225.000000000000       0.200000000000000     
          60   259.000000000000        225.000000000000       0.200000000000000     
          61   260.000000000000        225.000000000000       0.200000000000000     
          62   261.000000000000        225.000000000000       0.200000000000000     
          63   262.000000000000        225.000000000000       0.200000000000000     
          64   263.000000000000        225.000000000000       0.200000000000000     
          65   264.000000000000        225.000000000000       0.200000000000000     
          66   265.000000000000        225.000000000000       0.200000000000000     
          67   266.000000000000        225.000000000000       0.200000000000000     
          68   267.000000000000        225.000000000000       0.200000000000000     
          69   268.000000000000        225.000000000000       0.200000000000000     
          70   269.000000000000        225.000000000000       0.200000000000000     
          71   270.000000000000        225.000000000000       0.200000000000000     
          72   271.000000000000        225.000000000000       0.200000000000000     
          73   272.000000000000        225.000000000000       0.200000000000000     
          74   273.000000000000        225.000000000000       0.200000000000000     
          75   274.000000000000        225.000000000000       0.200000000000000     
          76   275.000000000000        225.000000000000       0.200000000000000     
          77   276.000000000000        225.000000000000       0.200000000000000     
          78   277.000000000000        225.000000000000       0.200000000000000     
          79   278.000000000000        225.000000000000       0.200000000000000     
          80   279.000000000000        225.000000000000       0.200000000000000     
          81   280.000000000000        225.000000000000       0.200000000000000     
          82   281.000000000000        225.000000000000       0.200000000000000     
          83   282.000000000000        225.000000000000       0.200000000000000     
          84   283.000000000000        225.000000000000       0.200000000000000     
          85   284.000000000000        225.000000000000       0.200000000000000     
          86   285.000000000000        225.000000000000       0.200000000000000     
          87   286.000000000000        225.000000000000       0.200000000000000     
          88   287.000000000000        225.000000000000       0.200000000000000     
          89   288.000000000000        225.000000000000       0.200000000000000     
          90   289.000000000000        225.000000000000       0.200000000000000     
          91   290.000000000000        225.000000000000       0.200000000000000     
          92   291.000000000000        225.000000000000       0.200000000000000     
          93   292.000000000000        225.000000000000       0.200000000000000     
          94   293.000000000000        225.000000000000       0.200000000000000     
          95   294.000000000000        225.000000000000       0.200000000000000     
          96   295.000000000000        225.000000000000       0.200000000000000     
          97   296.000000000000        225.000000000000       0.200000000000000     
          98   297.000000000000        225.000000000000       0.200000000000000     
          99   298.000000000000        225.000000000000       0.200000000000000     
         100   299.000000000000        225.000000000000       0.200000000000000     
         101   300.000000000000        225.000000000000       0.200000000000000     
         102   301.000000000000        225.000000000000       0.200000000000000     
         103   302.000000000000        225.000000000000       0.200000000000000     
         104   303.000000000000        225.000000000000       0.200000000000000     
         105   304.000000000000        225.000000000000       0.200000000000000     
         106   305.000000000000        225.000000000000       0.200000000000000     
         107   306.000000000000        225.000000000000       0.200000000000000     
         108   307.000000000000        225.000000000000       0.200000000000000     
         109   308.000000000000        225.000000000000       0.200000000000000     
         110   309.000000000000        225.000000000000       0.200000000000000     
         111   310.000000000000        225.000000000000       0.200000000000000     
         112   311.000000000000        225.000000000000       0.200000000000000     
         113   312.000000000000        225.000000000000       0.200000000000000     
         114   313.000000000000        225.000000000000       0.200000000000000     
         115   314.000000000000        225.000000000000       0.200000000000000     
         116   315.000000000000        225.000000000000       0.200000000000000     
         117   316.000000000000        225.000000000000       0.200000000000000     
         118   317.000000000000        225.000000000000       0.200000000000000     
         119   318.000000000000        225.000000000000       0.200000000000000     
         120   319.000000000000        225.000000000000       0.200000000000000     
         121   320.000000000000        225.000000000000       0.200000000000000     
         122   321.000000000000        225.000000000000       0.200000000000000     
         123   322.000000000000        225.000000000000       0.200000000000000     
         124   323.000000000000        225.000000000000       0.200000000000000     
         125   324.000000000000        225.000000000000       0.200000000000000     
         126   325.000000000000        225.000000000000       0.200000000000000     
         127   326.000000000000        225.000000000000       0.200000000000000     
         128   327.000000000000        225.000000000000       0.200000000000000     
         129   328.000000000000        225.000000000000       0.200000000000000     
         130   329.000000000000        225.000000000000       0.200000000000000     
         131   330.000000000000        225.000000000000       0.200000000000000     
         132   331.000000000000        225.000000000000       0.200000000000000     
         133   332.000000000000        225.000000000000       0.200000000000000     
         134   333.000000000000        225.000000000000       0.200000000000000     
         135   334.000000000000        225.000000000000       0.200000000000000     
         136   335.000000000000        225.000000000000       0.200000000000000     
         137   336.000000000000        225.000000000000       0.200000000000000     
         138   337.000000000000        225.000000000000       0.200000000000000     
         139   338.000000000000        225.000000000000       0.200000000000000     
         140   339.000000000000        225.000000000000       0.200000000000000     
         141   340.000000000000        225.000000000000       0.200000000000000     
         142   341.000000000000        225.000000000000       0.200000000000000     
         143   342.000000000000        225.000000000000       0.200000000000000     
         144   343.000000000000        225.000000000000       0.200000000000000     
         145   344.000000000000        225.000000000000       0.200000000000000     
         146   345.000000000000        225.000000000000       0.200000000000000     
         147   346.000000000000        225.000000000000       0.200000000000000     
         148   347.000000000000        225.000000000000       0.200000000000000     
         149   348.000000000000        225.000000000000       0.200000000000000     
         150   349.000000000000        225.000000000000       0.200000000000000     
         151   350.000000000000        225.000000000000       0.200000000000000     
         152   351.000000000000        225.000000000000       0.200000000000000     
         153   352.000000000000        225.000000000000       0.200000000000000     
         154   353.000000000000        225.000000000000       0.200000000000000     
         155   354.000000000000        225.000000000000       0.200000000000000     
         156   355.000000000000        225.000000000000       0.200000000000000     
         157   356.000000000000        225.000000000000       0.200000000000000     
         158   357.000000000000        225.000000000000       0.200000000000000     
         159   358.000000000000        225.000000000000       0.200000000000000     
         160   359.000000000000        225.000000000000       0.200000000000000     
         161   360.000000000000        225.000000000000       0.200000000000000     
         162   361.000000000000        225.000000000000       0.200000000000000     
         163   362.000000000000        225.000000000000       0.200000000000000     
         164   363.000000000000        225.000000000000       0.200000000000000     
         165   364.000000000000        225.000000000000       0.200000000000000     
         166   365.000000000000        225.000000000000       0.200000000000000     
         167   366.000000000000        225.000000000000       0.200000000000000     
         168   367.000000000000        225.000000000000       0.200000000000000     
         169   368.000000000000        225.000000000000       0.200000000000000     
         170   369.000000000000        225.000000000000       0.200000000000000     
         171   370.000000000000        225.000000000000       0.200000000000000     
         172   371.000000000000        225.000000000000       0.200000000000000     
         173   372.000000000000        225.000000000000       0.200000000000000     
         174   373.000000000000        225.000000000000       0.200000000000000     
         175   374.000000000000        225.000000000000       0.200000000000000     
         176   375.000000000000        225.000000000000       0.200000000000000     
         177   376.000000000000        225.000000000000       0.200000000000000     
         178   377.000000000000        225.000000000000       0.200000000000000     
         179   378.000000000000        225.000000000000       0.200000000000000     
         180   379.000000000000        225.000000000000       0.200000000000000     
         181   380.000000000000        225.000000000000       0.200000000000000     
         182   381.000000000000        225.000000000000       0.200000000000000     
         183   382.000000000000        225.000000000000       0.200000000000000     
         184   383.000000000000        225.000000000000       0.200000000000000     
         185   384.000000000000        225.000000000000       0.200000000000000     
         186   385.000000000000        225.000000000000       0.200000000000000     
         187   386.000000000000        225.000000000000       0.200000000000000     
         188   387.000000000000        225.000000000000       0.200000000000000     
         189   388.000000000000        225.000000000000       0.200000000000000     
         190   389.000000000000        225.000000000000       0.200000000000000     
         191   390.000000000000        225.000000000000       0.200000000000000     
         192   391.000000000000        225.000000000000       0.200000000000000     
         193   392.000000000000        225.000000000000       0.200000000000000     
         194   393.000000000000        225.000000000000       0.200000000000000     
         195   394.000000000000        225.000000000000       0.200000000000000     
         196   395.000000000000        225.000000000000       0.200000000000000     
         197   396.000000000000        225.000000000000       0.200000000000000     
         198   397.000000000000        225.000000000000       0.200000000000000     
         199   398.000000000000        225.000000000000       0.200000000000000     
         200   399.000000000000        225.000000000000       0.200000000000000     
         201   400.000000000000        225.000000000000       0.200000000000000     
