Data type: xyz; UNIT: metre
           1       -0.0000000        0.0000000        0.0000000
           2        5.0000000        0.0000000        0.0000000
           3       10.0000000        0.0000000        0.0000000
           4       15.0000000        0.0000000        0.0000000
           5       20.0000000        0.0000000        0.0000000
           6       25.0000000        0.0000000        0.0000000
           7       30.0000000        0.0000000        0.0000000
           8       35.0000000        0.0000000        0.0000000
           9       40.0000000        0.0000000        0.0000000
          10       45.0000000        0.0000000        0.0000000
          11       50.0000000        0.0000000        0.0000000
          12       55.0000000        0.0000000        0.0000000
          13       60.0000000        0.0000000        0.0000000
          14       65.0000000        0.0000000        0.0000000
          15       70.0000000        0.0000000        0.0000000
          16       75.0000000        0.0000000        0.0000000
          17       80.0000000        0.0000000        0.0000000
          18       85.0000000        0.0000000        0.0000000
          19       90.0000000        0.0000000        0.0000000
          20       95.0000000        0.0000000        0.0000000
          21      100.0000000        0.0000000        0.0000000
          22      105.0000000        0.0000000        0.0000000
          23      110.0000000        0.0000000        0.0000000
          24      115.0000000        0.0000000        0.0000000
          25      120.0000000        0.0000000        0.0000000
          26      125.0000000        0.0000000        0.0000000
          27      130.0000000        0.0000000        0.0000000
          28      135.0000000        0.0000000        0.0000000
          29      140.0000000        0.0000000        0.0000000
          30      145.0000000        0.0000000        0.0000000
          31      150.0000000        0.0000000        0.0000000
          32      155.0000000        0.0000000        0.0000000
          33      160.0000000        0.0000000        0.0000000
          34      165.0000000        0.0000000        0.0000000
          35      170.0000000        0.0000000        0.0000000
          36      175.0000000        0.0000000        0.0000000
          37      180.0000000        0.0000000        0.0000000
          38      185.0000000        0.0000000        0.0000000
          39      190.0000000        0.0000000        0.0000000
          40      195.0000000        0.0000000        0.0000000
          41      200.0000000        0.0000000        0.0000000
          42      205.0000000        0.0000000        0.0000000
          43      210.0000000        0.0000000        0.0000000
          44      215.0000000        0.0000000        0.0000000
          45      220.0000000        0.0000000        0.0000000
          46      225.0000000        0.0000000        0.0000000
          47      230.0000000        0.0000000        0.0000000
          48      235.0000000        0.0000000        0.0000000
          49      240.0000000        0.0000000        0.0000000
          50      245.0000000        0.0000000        0.0000000
          51      250.0000000        0.0000000        0.0000000
          52      255.0000000        0.0000000        0.0000000
          53      260.0000000        0.0000000        0.0000000
          54      265.0000000        0.0000000        0.0000000
          55      270.0000000        0.0000000        0.0000000
          56      275.0000000        0.0000000        0.0000000
          57      280.0000000        0.0000000        0.0000000
          58      285.0000000        0.0000000        0.0000000
          59      290.0000000        0.0000000        0.0000000
          60      295.0000000        0.0000000        0.0000000
          61      300.0000000        0.0000000        0.0000000
          62      305.0000000        0.0000000        0.0000000
          63      310.0000000        0.0000000        0.0000000
          64      315.0000000        0.0000000        0.0000000
          65      320.0000000        0.0000000        0.0000000
          66      325.0000000        0.0000000        0.0000000
          67      330.0000000        0.0000000        0.0000000
          68      335.0000000        0.0000000        0.0000000
          69      340.0000000        0.0000000        0.0000000
          70      345.0000000        0.0000000        0.0000000
          71      350.0000000        0.0000000        0.0000000
          72      355.0000000        0.0000000        0.0000000
          73      360.0000000        0.0000000        0.0000000
