  PLATEF  1.11      CRONE GEOPHYSICS LIMITED    In-House Copy for Demo and Use
  43    4     30.000     EIGCUR  1.10           R30P0.P4                      
        5.00      150.00                        120.00       30.00        0.00 
     -1.0000      1.0000                         87.50      210.05       -5.00 
       85.00      214.38       -5.00             87.50      210.05       -5.00 
      200.00      275.00      -80.00            197.50      279.33      -80.00 
      142.50      244.69      -42.50       
     5
     -400.00     -200.00        0.00           -400.00      200.00        0.00 
        0.00      200.00        0.00              0.00     -200.00        0.00 
     -400.00     -200.00        0.00              0.00        0.00        0.00 
        0.00        0.00        0.00              0.00        0.00        0.00 
        0.00        0.00        0.00              0.00        0.00        0.00 
        0.00        0.00        0.00       
   -3.52E-07    2.69E-04    5.66E-04         -1.49E-06    2.69E-04    5.65E-04 
    3.95E-06   -1.14E-05    1.49E-04          4.94E-06   -1.13E-05    1.49E-04 
    4.18E-06    2.64E-05    2.69E-04       
    6.26E-04    6.25E-04    1.50E-04    1.50E-04    2.71E-04 
       64.59       64.55       85.38       85.25       84.34 
   101
     1000.00       10.00       90.00              0.00 
     -400.00      225.00        0.00            600.00      225.00        0.00 
        0.00      225.00        0.00           -400.00 
       19.95       11.30        0.00             68.87       88.60     -400.00 
       19.76       85.00        0.00              2.50       70.20        0.00 
        0.00        0.00        0.00             25.66        F           F
     0
   1.500E-03   1.000E-03   2.000E-01         1.000E+03        1           URE
   1.000E+09   3.000E+01   1.000E+00              0.00        0.00        0.00 
    24       24       F
   2.550E-05  5.500E-05  7.000E-05  9.500E-05  1.300E-04  1.750E-04  2.350E-04
   3.150E-04  4.200E-04  5.600E-04  7.450E-04  9.900E-04  1.315E-03  1.745E-03
   2.315E-03  3.075E-03  4.085E-03  5.425E-03  7.205E-03  9.570E-03  1.266E-02
   2.273E-02  3.940E-02  4.812E-02  0.000E-01  0.000E-01  0.000E-01  0.000E-01
   0.000E-01  0.000E-01  0.000E-01  0.000E-01  0.000E-01  0.000E-01  0.000E-01
   0.000E-01  0.000E-01  0.000E-01  0.000E-01  0.000E-01  0.000E-01  0.000E-01
   0.000E-01  0.000E-01  0.000E-01  0.000E-01  0.000E-01  0.000E-01  0.000E-01
   0.000E-01  0.000E-01  0.000E-01  0.000E-01  0.000E-01  0.000E-01  0.000E-01
   0.000E-01  0.000E-01  0.000E-01  0.000E-01  0.000E-01  0.000E-01  0.000E-01
   0.000E-01  0.000E-01  0.000E-01  0.000E-01  0.000E-01  0.000E-01  0.000E-01
   0.000E-01  0.000E-01  0.000E-01  0.000E-01  0.000E-01  0.000E-01  0.000E-01
   0.000E-01  0.000E-01  0.000E-01

   -400.00         X      -5.78456E-03
 -1.49E-02 -1.27E-02 -1.21E-02 -1.11E-02 -1.01E-02 -8.88E-03 -7.52E-03 -6.02E-03
 -4.50E-03 -3.06E-03 -1.83E-03 -9.34E-04 -3.82E-04 -1.18E-04 -2.48E-05 -3.15E-06
 -2.06E-07 -5.62E-09 -4.82E-11 -8.90E-14 -2.47E-17 -7.45E-29  0.00E-01  0.00E-01
   -400.00         Y      -9.62197E-02
  4.76E-03  4.08E-03  3.86E-03  3.57E-03  3.22E-03  2.84E-03  2.41E-03  1.93E-03
  1.44E-03  9.80E-04  5.88E-04  3.00E-04  1.23E-04  3.78E-05  8.00E-06  1.02E-06
  6.66E-08  1.82E-09  1.57E-11  2.91E-14  8.11E-18  2.46E-29  0.00E-01  0.00E-01
   -400.00         Z       -73290.    
  1.93E-02  1.65E-02  1.56E-02  1.44E-02  1.30E-02  1.15E-02  9.71E-03  7.78E-03
  5.81E-03  3.94E-03  2.36E-03  1.20E-03  4.91E-04  1.51E-04  3.18E-05  4.02E-06
  2.61E-07  7.10E-09  6.05E-11  1.11E-13  3.07E-17  9.15E-29  0.00E-01  0.00E-01
   -390.00         X       3.50096E-02
 -1.57E-02 -1.35E-02 -1.27E-02 -1.18E-02 -1.06E-02 -9.37E-03 -7.93E-03 -6.36E-03
 -4.75E-03 -3.23E-03 -1.94E-03 -9.85E-04 -4.03E-04 -1.24E-04 -2.62E-05 -3.33E-06
 -2.17E-07 -5.93E-09 -5.09E-11 -9.41E-14 -2.62E-17 -7.88E-29  0.00E-01  0.00E-01
   -390.00         Y      -0.12879    
  5.04E-03  4.32E-03  4.09E-03  3.78E-03  3.41E-03  3.01E-03  2.55E-03  2.04E-03
  1.53E-03  1.04E-03  6.23E-04  3.17E-04  1.30E-04  4.01E-05  8.47E-06  1.08E-06
  7.05E-08  1.93E-09  1.66E-11  3.08E-14  8.60E-18  2.61E-29  0.00E-01  0.00E-01
   -390.00         Z       -88555.    
  2.04E-02  1.75E-02  1.65E-02  1.53E-02  1.38E-02  1.22E-02  1.03E-02  8.25E-03
  6.16E-03  4.18E-03  2.51E-03  1.27E-03  5.21E-04  1.60E-04  3.37E-05  4.26E-06
  2.77E-07  7.53E-09  6.42E-11  1.18E-13  3.26E-17  9.71E-29  0.00E-01  0.00E-01
   -380.00         X       2.33746E-02
 -1.66E-02 -1.42E-02 -1.34E-02 -1.24E-02 -1.12E-02 -9.90E-03 -8.38E-03 -6.71E-03
 -5.02E-03 -3.41E-03 -2.04E-03 -1.04E-03 -4.26E-04 -1.31E-04 -2.77E-05 -3.52E-06
 -2.30E-07 -6.27E-09 -5.38E-11 -9.95E-14 -2.77E-17 -8.34E-29  0.00E-01  0.00E-01
   -380.00         Y      -0.14873    
  5.34E-03  4.58E-03  4.33E-03  4.00E-03  3.62E-03  3.19E-03  2.70E-03  2.16E-03
  1.62E-03  1.10E-03  6.60E-04  3.36E-04  1.38E-04  4.25E-05  8.98E-06  1.14E-06
  7.48E-08  2.05E-09  1.76E-11  3.27E-14  9.13E-18  2.77E-29  0.00E-01  0.00E-01
   -380.00         Z      -1.01064E+05
  2.17E-02  1.86E-02  1.76E-02  1.62E-02  1.47E-02  1.29E-02  1.09E-02  8.75E-03
  6.54E-03  4.44E-03  2.66E-03  1.35E-03  5.53E-04  1.70E-04  3.58E-05  4.53E-06
  2.94E-07  8.00E-09  6.82E-11  1.25E-13  3.46E-17  1.03E-28  0.00E-01  0.00E-01
   -370.00         X       1.35726E-02
 -1.75E-02 -1.50E-02 -1.42E-02 -1.31E-02 -1.19E-02 -1.05E-02 -8.86E-03 -7.10E-03
 -5.31E-03 -3.60E-03 -2.16E-03 -1.10E-03 -4.51E-04 -1.39E-04 -2.93E-05 -3.72E-06
 -2.43E-07 -6.64E-09 -5.70E-11 -1.05E-13 -2.93E-17 -8.84E-29  0.00E-01  0.00E-01
   -370.00         Y      -0.15763    
  5.66E-03  4.85E-03  4.59E-03  4.24E-03  3.84E-03  3.38E-03  2.86E-03  2.30E-03
  1.72E-03  1.17E-03  7.00E-04  3.57E-04  1.46E-04  4.51E-05  9.54E-06  1.21E-06
  7.94E-08  2.18E-09  1.87E-11  3.48E-14  9.71E-18  2.95E-29  0.00E-01  0.00E-01
   -370.00         Z      -1.10319E+05
  2.30E-02  1.97E-02  1.87E-02  1.72E-02  1.56E-02  1.37E-02  1.16E-02  9.30E-03
  6.95E-03  4.72E-03  2.83E-03  1.44E-03  5.87E-04  1.81E-04  3.80E-05  4.81E-06
  3.13E-07  8.50E-09  7.25E-11  1.33E-13  3.68E-17  1.10E-28  0.00E-01  0.00E-01
   -360.00         X       6.69178E-03
 -1.86E-02 -1.59E-02 -1.50E-02 -1.39E-02 -1.26E-02 -1.11E-02 -9.38E-03 -7.51E-03
 -5.62E-03 -3.81E-03 -2.29E-03 -1.17E-03 -4.77E-04 -1.47E-04 -3.10E-05 -3.94E-06
 -2.58E-07 -7.04E-09 -6.04E-11 -1.12E-13 -3.11E-17 -9.39E-29  0.00E-01  0.00E-01
   -360.00         Y      -0.16029    
  6.02E-03  5.16E-03  4.88E-03  4.51E-03  4.07E-03  3.59E-03  3.04E-03  2.44E-03
  1.82E-03  1.24E-03  7.44E-04  3.79E-04  1.55E-04  4.79E-05  1.01E-05  1.29E-06
  8.45E-08  2.31E-09  1.99E-11  3.70E-14  1.03E-17  3.14E-29  0.00E-01  0.00E-01
   -360.00         Z      -1.17030E+05
  2.45E-02  2.10E-02  1.98E-02  1.83E-02  1.66E-02  1.46E-02  1.24E-02  9.90E-03
  7.39E-03  5.02E-03  3.01E-03  1.53E-03  6.25E-04  1.92E-04  4.05E-05  5.12E-06
  3.33E-07  9.05E-09  7.72E-11  1.42E-13  3.92E-17  1.17E-28  0.00E-01  0.00E-01
   -350.00         X       2.03016E-03
 -1.97E-02 -1.68E-02 -1.59E-02 -1.47E-02 -1.33E-02 -1.17E-02 -9.94E-03 -7.96E-03
 -5.95E-03 -4.04E-03 -2.43E-03 -1.24E-03 -5.06E-04 -1.56E-04 -3.29E-05 -4.18E-06
 -2.73E-07 -7.47E-09 -6.41E-11 -1.19E-13 -3.30E-17 -9.97E-29  0.00E-01  0.00E-01
   -350.00         Y      -0.15975    
  6.40E-03  5.48E-03  5.19E-03  4.79E-03  4.33E-03  3.82E-03  3.24E-03  2.59E-03
  1.94E-03  1.32E-03  7.91E-04  4.03E-04  1.65E-04  5.10E-05  1.08E-05  1.37E-06
  9.00E-08  2.46E-09  2.12E-11  3.95E-14  1.10E-17  3.35E-29  0.00E-01  0.00E-01
   -350.00         Z      -1.21968E+05
  2.61E-02  2.23E-02  2.11E-02  1.95E-02  1.76E-02  1.56E-02  1.32E-02  1.05E-02
  7.88E-03  5.34E-03  3.20E-03  1.63E-03  6.66E-04  2.05E-04  4.31E-05  5.46E-06
  3.55E-07  9.64E-09  8.23E-11  1.51E-13  4.18E-17  1.25E-28  0.00E-01  0.00E-01
   -340.00         X      -1.16742E-03
 -2.09E-02 -1.79E-02 -1.69E-02 -1.56E-02 -1.41E-02 -1.25E-02 -1.05E-02 -8.45E-03
 -6.32E-03 -4.29E-03 -2.57E-03 -1.31E-03 -5.37E-04 -1.65E-04 -3.49E-05 -4.44E-06
 -2.90E-07 -7.93E-09 -6.81E-11 -1.26E-13 -3.51E-17 -1.06E-28  0.00E-01  0.00E-01
   -340.00         Y      -0.15753    
  6.81E-03  5.84E-03  5.53E-03  5.11E-03  4.62E-03  4.07E-03  3.45E-03  2.76E-03
  2.07E-03  1.40E-03  8.43E-04  4.30E-04  1.76E-04  5.43E-05  1.15E-05  1.46E-06
  9.59E-08  2.63E-09  2.27E-11  4.21E-14  1.18E-17  3.59E-29  0.00E-01  0.00E-01
   -340.00         Z      -1.25685E+05
  2.78E-02  2.38E-02  2.26E-02  2.08E-02  1.88E-02  1.66E-02  1.40E-02  1.12E-02
  8.40E-03  5.70E-03  3.42E-03  1.74E-03  7.11E-04  2.18E-04  4.60E-05  5.82E-06
  3.79E-07  1.03E-08  8.78E-11  1.61E-13  4.46E-17  1.33E-28  0.00E-01  0.00E-01
   -330.00         X      -3.41832E-03
 -2.22E-02 -1.90E-02 -1.80E-02 -1.66E-02 -1.50E-02 -1.32E-02 -1.12E-02 -8.97E-03
 -6.71E-03 -4.56E-03 -2.73E-03 -1.39E-03 -5.70E-04 -1.76E-04 -3.71E-05 -4.72E-06
 -3.09E-07 -8.43E-09 -7.25E-11 -1.34E-13 -3.74E-17 -1.13E-28  0.00E-01  0.00E-01
   -330.00         Y      -0.15436    
  7.26E-03  6.23E-03  5.89E-03  5.44E-03  4.92E-03  4.34E-03  3.68E-03  2.95E-03
  2.20E-03  1.50E-03  8.99E-04  4.58E-04  1.88E-04  5.80E-05  1.23E-05  1.56E-06
  1.02E-07  2.81E-09  2.42E-11  4.51E-14  1.26E-17  3.84E-29  0.00E-01  0.00E-01
   -330.00         Z      -1.28548E+05
  2.97E-02  2.55E-02  2.41E-02  2.23E-02  2.01E-02  1.77E-02  1.50E-02  1.20E-02
  8.98E-03  6.09E-03  3.65E-03  1.86E-03  7.59E-04  2.33E-04  4.92E-05  6.22E-06
  4.05E-07  1.10E-08  9.39E-11  1.73E-13  4.77E-17  1.42E-28  0.00E-01  0.00E-01
   -320.00         X      -5.04747E-03
 -2.36E-02 -2.02E-02 -1.91E-02 -1.76E-02 -1.59E-02 -1.41E-02 -1.19E-02 -9.54E-03
 -7.13E-03 -4.85E-03 -2.91E-03 -1.48E-03 -6.07E-04 -1.87E-04 -3.95E-05 -5.02E-06
 -3.28E-07 -8.98E-09 -7.72E-11 -1.43E-13 -3.99E-17 -1.21E-28  0.00E-01  0.00E-01
   -320.00         Y      -0.15065    
  7.76E-03  6.65E-03  6.29E-03  5.82E-03  5.26E-03  4.64E-03  3.93E-03  3.15E-03
  2.35E-03  1.60E-03  9.61E-04  4.90E-04  2.01E-04  6.20E-05  1.31E-05  1.67E-06
  1.10E-07  3.01E-09  2.59E-11  4.83E-14  1.35E-17  4.12E-29  0.00E-01  0.00E-01
   -320.00         Z      -1.30796E+05
  3.18E-02  2.72E-02  2.58E-02  2.38E-02  2.15E-02  1.90E-02  1.61E-02  1.29E-02
  9.61E-03  6.52E-03  3.91E-03  1.99E-03  8.12E-04  2.50E-04  5.26E-05  6.66E-06
  4.33E-07  1.18E-08  1.01E-10  1.85E-13  5.11E-17  1.53E-28  0.00E-01  0.00E-01
   -310.00         X      -6.25768E-03
 -2.51E-02 -2.15E-02 -2.03E-02 -1.88E-02 -1.70E-02 -1.50E-02 -1.27E-02 -1.02E-02
 -7.60E-03 -5.16E-03 -3.10E-03 -1.58E-03 -6.46E-04 -1.99E-04 -4.21E-05 -5.35E-06
 -3.50E-07 -9.58E-09 -8.24E-11 -1.53E-13 -4.26E-17 -1.29E-28  0.00E-01  0.00E-01
   -310.00         Y      -0.14661    
  8.30E-03  7.11E-03  6.73E-03  6.22E-03  5.62E-03  4.96E-03  4.20E-03  3.37E-03
  2.52E-03  1.71E-03  1.03E-03  5.24E-04  2.15E-04  6.63E-05  1.40E-05  1.79E-06
  1.17E-07  3.22E-09  2.78E-11  5.18E-14  1.45E-17  4.42E-29  0.00E-01  0.00E-01
   -310.00         Z      -1.32588E+05
  3.41E-02  2.92E-02  2.76E-02  2.55E-02  2.31E-02  2.03E-02  1.72E-02  1.38E-02
  1.03E-02  6.98E-03  4.19E-03  2.13E-03  8.71E-04  2.68E-04  5.64E-05  7.14E-06
  4.65E-07  1.26E-08  1.08E-10  1.98E-13  5.48E-17  1.64E-28  0.00E-01  0.00E-01
   -300.00         X      -7.17779E-03
 -2.67E-02 -2.29E-02 -2.17E-02 -2.00E-02 -1.81E-02 -1.60E-02 -1.35E-02 -1.08E-02
 -8.10E-03 -5.50E-03 -3.30E-03 -1.68E-03 -6.89E-04 -2.13E-04 -4.49E-05 -5.71E-06
 -3.74E-07 -1.02E-08 -8.80E-11 -1.63E-13 -4.56E-17 -1.38E-28  0.00E-01  0.00E-01
   -300.00         Y      -0.14234    
  8.89E-03  7.62E-03  7.21E-03  6.66E-03  6.03E-03  5.31E-03  4.50E-03  3.61E-03
  2.70E-03  1.83E-03  1.10E-03  5.62E-04  2.30E-04  7.11E-05  1.51E-05  1.92E-06
  1.26E-07  3.46E-09  2.99E-11  5.56E-14  1.56E-17  4.76E-29  0.00E-01  0.00E-01
   -300.00         Z      -1.34033E+05
  3.66E-02  3.13E-02  2.96E-02  2.74E-02  2.47E-02  2.18E-02  1.85E-02  1.48E-02
  1.10E-02  7.50E-03  4.49E-03  2.29E-03  9.35E-04  2.87E-04  6.05E-05  7.66E-06
  4.99E-07  1.36E-08  1.16E-10  2.13E-13  5.89E-17  1.76E-28  0.00E-01  0.00E-01
   -290.00         X      -7.89174E-03
 -2.85E-02 -2.45E-02 -2.31E-02 -2.14E-02 -1.93E-02 -1.70E-02 -1.44E-02 -1.16E-02
 -8.65E-03 -5.88E-03 -3.53E-03 -1.80E-03 -7.36E-04 -2.27E-04 -4.80E-05 -6.11E-06
 -4.00E-07 -1.09E-08 -9.42E-11 -1.75E-13 -4.88E-17 -1.48E-28  0.00E-01  0.00E-01
   -290.00         Y      -0.13793    
  9.54E-03  8.18E-03  7.74E-03  7.15E-03  6.47E-03  5.70E-03  4.83E-03  3.87E-03
  2.90E-03  1.97E-03  1.18E-03  6.03E-04  2.47E-04  7.64E-05  1.62E-05  2.06E-06
  1.35E-07  3.72E-09  3.21E-11  5.99E-14  1.68E-17  5.13E-29  0.00E-01  0.00E-01
   -290.00         Z      -1.35206E+05
  3.93E-02  3.37E-02  3.19E-02  2.94E-02  2.66E-02  2.35E-02  1.98E-02  1.59E-02
  1.19E-02  8.06E-03  4.83E-03  2.46E-03  1.00E-03  3.09E-04  6.51E-05  8.24E-06
  5.37E-07  1.46E-08  1.25E-10  2.29E-13  6.34E-17  1.90E-28  0.00E-01  0.00E-01
   -280.00         X      -8.45569E-03
 -3.05E-02 -2.62E-02 -2.47E-02 -2.29E-02 -2.07E-02 -1.82E-02 -1.54E-02 -1.24E-02
 -9.25E-03 -6.28E-03 -3.77E-03 -1.92E-03 -7.88E-04 -2.43E-04 -5.14E-05 -6.54E-06
 -4.28E-07 -1.17E-08 -1.01E-10 -1.87E-13 -5.24E-17 -1.59E-28  0.00E-01  0.00E-01
   -280.00         Y      -0.13341    
  1.03E-02  8.79E-03  8.32E-03  7.69E-03  6.95E-03  6.13E-03  5.19E-03  4.16E-03
  3.12E-03  2.12E-03  1.27E-03  6.49E-04  2.66E-04  8.22E-05  1.74E-05  2.22E-06
  1.46E-07  4.01E-09  3.46E-11  6.46E-14  1.81E-17  5.54E-29  0.00E-01  0.00E-01
   -280.00         Z      -1.36164E+05
  4.24E-02  3.63E-02  3.43E-02  3.17E-02  2.87E-02  2.53E-02  2.14E-02  1.71E-02
  1.28E-02  8.68E-03  5.21E-03  2.65E-03  1.08E-03  3.33E-04  7.01E-05  8.88E-06
  5.78E-07  1.57E-08  1.34E-10  2.47E-13  6.84E-17  2.05E-28  0.00E-01  0.00E-01
   -270.00         X      -8.90816E-03
 -3.27E-02 -2.80E-02 -2.65E-02 -2.45E-02 -2.21E-02 -1.95E-02 -1.65E-02 -1.32E-02
 -9.91E-03 -6.73E-03 -4.04E-03 -2.06E-03 -8.44E-04 -2.60E-04 -5.51E-05 -7.01E-06
 -4.59E-07 -1.26E-08 -1.08E-10 -2.01E-13 -5.63E-17 -1.71E-28  0.00E-01  0.00E-01
   -270.00         Y      -0.12882    
  1.10E-02  9.47E-03  8.96E-03  8.28E-03  7.49E-03  6.61E-03  5.60E-03  4.49E-03
  3.36E-03  2.28E-03  1.37E-03  6.99E-04  2.87E-04  8.86E-05  1.88E-05  2.40E-06
  1.57E-07  4.33E-09  3.74E-11  6.98E-14  1.96E-17  6.00E-29  0.00E-01  0.00E-01
   -270.00         Z      -1.36944E+05
  4.57E-02  3.91E-02  3.70E-02  3.42E-02  3.09E-02  2.73E-02  2.31E-02  1.85E-02
  1.38E-02  9.37E-03  5.62E-03  2.86E-03  1.17E-03  3.59E-04  7.57E-05  9.59E-06
  6.24E-07  1.70E-08  1.45E-10  2.67E-13  7.39E-17  2.21E-28  0.00E-01  0.00E-01
   -260.00         X      -9.27616E-03
 -3.50E-02 -3.00E-02 -2.84E-02 -2.63E-02 -2.37E-02 -2.09E-02 -1.77E-02 -1.42E-02
 -1.06E-02 -7.22E-03 -4.34E-03 -2.21E-03 -9.06E-04 -2.79E-04 -5.91E-05 -7.53E-06
 -4.93E-07 -1.35E-08 -1.17E-10 -2.17E-13 -6.06E-17 -1.84E-28  0.00E-01  0.00E-01
   -260.00         Y      -0.12418    
  1.19E-02  1.02E-02  9.68E-03  8.94E-03  8.08E-03  7.13E-03  6.04E-03  4.84E-03
  3.62E-03  2.46E-03  1.48E-03  7.55E-04  3.10E-04  9.57E-05  2.03E-05  2.59E-06
  1.70E-07  4.68E-09  4.05E-11  7.57E-14  2.13E-17  6.52E-29  0.00E-01  0.00E-01
   -260.00         Z      -1.37576E+05
  4.94E-02  4.23E-02  4.00E-02  3.70E-02  3.34E-02  2.95E-02  2.49E-02  2.00E-02
  1.49E-02  1.01E-02  6.08E-03  3.09E-03  1.26E-03  3.89E-04  8.19E-05  1.04E-05
  6.76E-07  1.84E-08  1.57E-10  2.89E-13  8.01E-17  2.40E-28  0.00E-01  0.00E-01
   -250.00         X      -9.57908E-03
 -3.77E-02 -3.23E-02 -3.05E-02 -2.82E-02 -2.55E-02 -2.25E-02 -1.91E-02 -1.53E-02
 -1.14E-02 -7.76E-03 -4.66E-03 -2.38E-03 -9.74E-04 -3.01E-04 -6.36E-05 -8.10E-06
 -5.31E-07 -1.46E-08 -1.26E-10 -2.34E-13 -6.54E-17 -1.99E-28  0.00E-01  0.00E-01
   -250.00         Y      -0.11950    
  1.29E-02  1.11E-02  1.05E-02  9.67E-03  8.74E-03  7.71E-03  6.53E-03  5.24E-03
  3.92E-03  2.66E-03  1.60E-03  8.17E-04  3.35E-04  1.04E-04  2.20E-05  2.81E-06
  1.85E-07  5.08E-09  4.40E-11  8.22E-14  2.31E-17  7.09E-29  0.00E-01  0.00E-01
   -250.00         Z      -1.38081E+05
  5.36E-02  4.59E-02  4.34E-02  4.01E-02  3.62E-02  3.19E-02  2.70E-02  2.16E-02
  1.62E-02  1.10E-02  6.58E-03  3.35E-03  1.37E-03  4.21E-04  8.88E-05  1.12E-05
  7.33E-07  1.99E-08  1.70E-10  3.14E-13  8.69E-17  2.60E-28  0.00E-01  0.00E-01
   -240.00         X      -9.83106E-03
 -4.05E-02 -3.47E-02 -3.29E-02 -3.04E-02 -2.75E-02 -2.42E-02 -2.05E-02 -1.64E-02
 -1.23E-02 -8.36E-03 -5.02E-03 -2.56E-03 -1.05E-03 -3.24E-04 -6.85E-05 -8.73E-06
 -5.73E-07 -1.57E-08 -1.36E-10 -2.52E-13 -7.07E-17 -2.15E-28  0.00E-01  0.00E-01
   -240.00         Y      -0.11479    
  1.40E-02  1.20E-02  1.13E-02  1.05E-02  9.48E-03  8.36E-03  7.08E-03  5.68E-03
  4.25E-03  2.89E-03  1.74E-03  8.86E-04  3.64E-04  1.12E-04  2.39E-05  3.05E-06
  2.00E-07  5.52E-09  4.78E-11  8.95E-14  2.52E-17  7.73E-29  0.00E-01  0.00E-01
   -240.00         Z      -1.38476E+05
  5.81E-02  4.98E-02  4.71E-02  4.35E-02  3.93E-02  3.47E-02  2.93E-02  2.35E-02
  1.76E-02  1.19E-02  7.15E-03  3.64E-03  1.49E-03  4.58E-04  9.65E-05  1.22E-05
  7.96E-07  2.17E-08  1.85E-10  3.41E-13  9.45E-17  2.83E-28  0.00E-01  0.00E-01
   -230.00         X      -1.00426E-02
 -4.37E-02 -3.75E-02 -3.54E-02 -3.28E-02 -2.96E-02 -2.61E-02 -2.21E-02 -1.77E-02
 -1.33E-02 -9.01E-03 -5.41E-03 -2.76E-03 -1.13E-03 -3.49E-04 -7.40E-05 -9.43E-06
 -6.19E-07 -1.70E-08 -1.47E-10 -2.73E-13 -7.66E-17 -2.34E-28  0.00E-01  0.00E-01
   -230.00         Y      -0.11005    
  1.52E-02  1.30E-02  1.23E-02  1.14E-02  1.03E-02  9.09E-03  7.70E-03  6.17E-03
  4.62E-03  3.14E-03  1.89E-03  9.64E-04  3.96E-04  1.22E-04  2.60E-05  3.32E-06
  2.18E-07  6.02E-09  5.22E-11  9.76E-14  2.75E-17  8.46E-29  0.00E-01  0.00E-01
   -230.00         Z      -1.38773E+05
  6.33E-02  5.42E-02  5.13E-02  4.74E-02  4.28E-02  3.77E-02  3.19E-02  2.56E-02
  1.91E-02  1.30E-02  7.78E-03  3.96E-03  1.62E-03  4.98E-04  1.05E-04  1.33E-05
  8.67E-07  2.36E-08  2.02E-10  3.72E-13  1.03E-16  3.09E-28  0.00E-01  0.00E-01
   -220.00         X      -1.02216E-02
 -4.72E-02 -4.05E-02 -3.83E-02 -3.54E-02 -3.20E-02 -2.82E-02 -2.39E-02 -1.92E-02
 -1.43E-02 -9.74E-03 -5.85E-03 -2.98E-03 -1.22E-03 -3.78E-04 -8.01E-05 -1.02E-05
 -6.70E-07 -1.84E-08 -1.59E-10 -2.97E-13 -8.32E-17 -2.54E-28  0.00E-01  0.00E-01
   -220.00         Y      -0.10530    
  1.65E-02  1.42E-02  1.34E-02  1.24E-02  1.12E-02  9.90E-03  8.39E-03  6.73E-03
  5.03E-03  3.42E-03  2.06E-03  1.05E-03  4.32E-04  1.33E-04  2.83E-05  3.62E-06
  2.38E-07  6.57E-09  5.70E-11  1.07E-13  3.01E-17  9.28E-29  0.00E-01  0.00E-01
   -220.00         Z      -1.38979E+05
  6.90E-02  5.91E-02  5.59E-02  5.17E-02  4.67E-02  4.12E-02  3.49E-02  2.79E-02
  2.09E-02  1.42E-02  8.49E-03  4.32E-03  1.77E-03  5.44E-04  1.15E-04  1.45E-05
  9.47E-07  2.58E-08  2.21E-10  4.07E-13  1.13E-16  3.38E-28  0.00E-01  0.00E-01
   -210.00         X      -1.03741E-02
 -5.11E-02 -4.38E-02 -4.15E-02 -3.83E-02 -3.46E-02 -3.06E-02 -2.59E-02 -2.07E-02
 -1.55E-02 -1.05E-02 -6.34E-03 -3.23E-03 -1.33E-03 -4.10E-04 -8.68E-05 -1.11E-05
 -7.27E-07 -2.00E-08 -1.73E-10 -3.23E-13 -9.06E-17 -2.77E-28  0.00E-01  0.00E-01
   -210.00         Y      -0.10053    
  1.81E-02  1.55E-02  1.47E-02  1.36E-02  1.23E-02  1.08E-02  9.16E-03  7.35E-03
  5.50E-03  3.74E-03  2.25E-03  1.15E-03  4.72E-04  1.46E-04  3.10E-05  3.96E-06
  2.61E-07  7.21E-09  6.26E-11  1.17E-13  3.31E-17  1.02E-28  0.00E-01  0.00E-01
   -210.00         Z      -1.39101E+05
  7.55E-02  6.47E-02  6.12E-02  5.65E-02  5.11E-02  4.50E-02  3.81E-02  3.05E-02
  2.28E-02  1.55E-02  9.29E-03  4.73E-03  1.93E-03  5.95E-04  1.26E-04  1.59E-05
  1.04E-06  2.83E-08  2.42E-10  4.46E-13  1.24E-16  3.71E-28  0.00E-01  0.00E-01
   -200.00         X      -1.05049E-02
 -5.54E-02 -4.75E-02 -4.50E-02 -4.16E-02 -3.76E-02 -3.32E-02 -2.81E-02 -2.25E-02
 -1.68E-02 -1.15E-02 -6.88E-03 -3.51E-03 -1.44E-03 -4.45E-04 -9.44E-05 -1.20E-05
 -7.91E-07 -2.18E-08 -1.88E-10 -3.52E-13 -9.88E-17 -3.03E-28  0.00E-01  0.00E-01
   -200.00         Y      -9.57485E-02
  1.98E-02  1.70E-02  1.61E-02  1.49E-02  1.34E-02  1.18E-02  1.00E-02  8.05E-03
  6.03E-03  4.10E-03  2.47E-03  1.26E-03  5.17E-04  1.60E-04  3.40E-05  4.35E-06
  2.87E-07  7.92E-09  6.88E-11  1.29E-13  3.65E-17  1.13E-28  0.00E-01  0.00E-01
   -200.00         Z      -1.39141E+05
  8.28E-02  7.10E-02  6.71E-02  6.20E-02  5.60E-02  4.94E-02  4.18E-02  3.35E-02
  2.50E-02  1.70E-02  1.02E-02  5.19E-03  2.12E-03  6.53E-04  1.38E-04  1.75E-05
  1.14E-06  3.10E-08  2.66E-10  4.90E-13  1.36E-16  4.08E-28  0.00E-01  0.00E-01
   -190.00         X      -1.06173E-02
 -6.03E-02 -5.17E-02 -4.89E-02 -4.52E-02 -4.09E-02 -3.61E-02 -3.05E-02 -2.45E-02
 -1.83E-02 -1.25E-02 -7.49E-03 -3.82E-03 -1.57E-03 -4.85E-04 -1.03E-04 -1.31E-05
 -8.63E-07 -2.38E-08 -2.06E-10 -3.85E-13 -1.08E-16 -3.32E-28  0.00E-01  0.00E-01
   -190.00         Y      -9.09559E-02
  2.17E-02  1.87E-02  1.77E-02  1.63E-02  1.48E-02  1.30E-02  1.10E-02  8.85E-03
  6.63E-03  4.51E-03  2.71E-03  1.38E-03  5.69E-04  1.76E-04  3.75E-05  4.79E-06
  3.16E-07  8.74E-09  7.60E-11  1.43E-13  4.03E-17  1.25E-28  0.00E-01  0.00E-01
   -190.00         Z      -1.39101E+05
  9.11E-02  7.81E-02  7.39E-02  6.82E-02  6.17E-02  5.44E-02  4.60E-02  3.69E-02
  2.76E-02  1.87E-02  1.12E-02  5.71E-03  2.34E-03  7.19E-04  1.52E-04  1.92E-05
  1.26E-06  3.42E-08  2.93E-10  5.41E-13  1.50E-16  4.51E-28  0.00E-01  0.00E-01
   -180.00         X      -1.07144E-02
 -6.57E-02 -5.63E-02 -5.33E-02 -4.93E-02 -4.46E-02 -3.93E-02 -3.33E-02 -2.67E-02
 -2.00E-02 -1.36E-02 -8.17E-03 -4.17E-03 -1.71E-03 -5.29E-04 -1.12E-04 -1.43E-05
 -9.44E-07 -2.60E-08 -2.25E-10 -4.22E-13 -1.19E-16 -3.65E-28  0.00E-01  0.00E-01
   -180.00         Y      -8.61540E-02
  2.40E-02  2.06E-02  1.95E-02  1.80E-02  1.63E-02  1.44E-02  1.22E-02  9.76E-03
  7.31E-03  4.97E-03  2.99E-03  1.53E-03  6.28E-04  1.95E-04  4.14E-05  5.30E-06
  3.50E-07  9.67E-09  8.42E-11  1.58E-13  4.48E-17  1.39E-28  0.00E-01  0.00E-01
   -180.00         Z      -1.38979E+05
  1.01E-01  8.62E-02  8.15E-02  7.53E-02  6.81E-02  6.00E-02  5.08E-02  4.07E-02
  3.04E-02  2.07E-02  1.24E-02  6.30E-03  2.58E-03  7.94E-04  1.68E-04  2.13E-05
  1.39E-06  3.78E-08  3.24E-10  5.99E-13  1.66E-16  5.00E-28  0.00E-01  0.00E-01
   -170.00         X      -1.07982E-02
 -7.18E-02 -6.16E-02 -5.83E-02 -5.39E-02 -4.87E-02 -4.30E-02 -3.64E-02 -2.92E-02
 -2.18E-02 -1.49E-02 -8.93E-03 -4.56E-03 -1.87E-03 -5.79E-04 -1.23E-04 -1.57E-05
 -1.04E-06 -2.85E-08 -2.48E-10 -4.64E-13 -1.31E-16 -4.03E-28  0.00E-01  0.00E-01
   -170.00         Y      -8.13436E-02
  2.65E-02  2.28E-02  2.15E-02  1.99E-02  1.80E-02  1.59E-02  1.35E-02  1.08E-02
  8.09E-03  5.50E-03  3.31E-03  1.69E-03  6.96E-04  2.16E-04  4.59E-05  5.88E-06
  3.88E-07  1.07E-08  9.37E-11  1.76E-13  4.99E-17  1.55E-28  0.00E-01  0.00E-01
   -170.00         Z      -1.38773E+05
  1.11E-01  9.54E-02  9.03E-02  8.34E-02  7.54E-02  6.65E-02  5.63E-02  4.51E-02
  3.37E-02  2.29E-02  1.37E-02  6.98E-03  2.86E-03  8.80E-04  1.86E-04  2.36E-05
  1.54E-06  4.20E-08  3.60E-10  6.65E-13  1.85E-16  5.56E-28  0.00E-01  0.00E-01
   -160.00         X      -1.08704E-02
 -7.86E-02 -6.75E-02 -6.39E-02 -5.90E-02 -5.34E-02 -4.71E-02 -3.99E-02 -3.20E-02
 -2.39E-02 -1.63E-02 -9.79E-03 -5.00E-03 -2.05E-03 -6.36E-04 -1.35E-04 -1.73E-05
 -1.14E-06 -3.14E-08 -2.73E-10 -5.12E-13 -1.44E-16 -4.46E-28  0.00E-01  0.00E-01
   -160.00         Y      -7.65254E-02
  2.94E-02  2.53E-02  2.39E-02  2.21E-02  2.00E-02  1.76E-02  1.50E-02  1.20E-02
  8.98E-03  6.11E-03  3.68E-03  1.88E-03  7.74E-04  2.40E-04  5.11E-05  6.55E-06
  4.33E-07  1.20E-08  1.05E-10  1.97E-13  5.59E-17  1.74E-28  0.00E-01  0.00E-01
   -160.00         Z      -1.38476E+05
  1.24E-01  1.06E-01  1.00E-01  9.27E-02  8.38E-02  7.39E-02  6.25E-02  5.01E-02
  3.75E-02  2.54E-02  1.53E-02  7.77E-03  3.18E-03  9.79E-04  2.07E-04  2.62E-05
  1.71E-06  4.67E-08  4.01E-10  7.41E-13  2.06E-16  6.21E-28  0.00E-01  0.00E-01
   -150.00         X      -1.09323E-02
 -8.64E-02 -7.41E-02 -7.02E-02 -6.49E-02 -5.87E-02 -5.17E-02 -4.38E-02 -3.52E-02
 -2.63E-02 -1.79E-02 -1.08E-02 -5.50E-03 -2.26E-03 -7.00E-04 -1.49E-04 -1.90E-05
 -1.26E-06 -3.47E-08 -3.02E-10 -5.67E-13 -1.60E-16 -4.96E-28  0.00E-01  0.00E-01
   -150.00         Y      -7.16996E-02
  3.28E-02  2.82E-02  2.67E-02  2.47E-02  2.23E-02  1.97E-02  1.67E-02  1.34E-02
  1.00E-02  6.82E-03  4.11E-03  2.10E-03  8.64E-04  2.68E-04  5.71E-05  7.33E-06
  4.85E-07  1.34E-08  1.17E-10  2.21E-13  6.28E-17  1.96E-28  0.00E-01  0.00E-01
   -150.00         Z      -1.38081E+05
  1.38E-01  1.18E-01  1.12E-01  1.03E-01  9.35E-02  8.24E-02  6.98E-02  5.59E-02
  4.18E-02  2.84E-02  1.70E-02  8.67E-03  3.55E-03  1.09E-03  2.31E-04  2.93E-05
  1.91E-06  5.23E-08  4.49E-10  8.30E-13  2.31E-16  6.96E-28  0.00E-01  0.00E-01
   -140.00         X      -1.09846E-02
 -9.52E-02 -8.17E-02 -7.74E-02 -7.15E-02 -6.47E-02 -5.71E-02 -4.83E-02 -3.88E-02
 -2.90E-02 -1.98E-02 -1.19E-02 -6.07E-03 -2.50E-03 -7.73E-04 -1.64E-04 -2.11E-05
 -1.39E-06 -3.85E-08 -3.35E-10 -6.30E-13 -1.78E-16 -5.53E-28  0.00E-01  0.00E-01
   -140.00         Y      -6.68663E-02
  3.68E-02  3.16E-02  2.99E-02  2.76E-02  2.50E-02  2.20E-02  1.87E-02  1.50E-02
  1.12E-02  7.65E-03  4.60E-03  2.35E-03  9.70E-04  3.01E-04  6.41E-05  8.24E-06
  5.46E-07  1.51E-08  1.32E-10  2.50E-13  7.10E-17  2.22E-28  0.00E-01  0.00E-01
   -140.00         Z      -1.37576E+05
  1.55E-01  1.33E-01  1.25E-01  1.16E-01  1.05E-01  9.24E-02  7.82E-02  6.26E-02
  4.68E-02  3.18E-02  1.91E-02  9.72E-03  3.98E-03  1.23E-03  2.59E-04  3.29E-05
  2.15E-06  5.87E-08  5.04E-10  9.34E-13  2.60E-16  7.85E-28  0.00E-01  0.00E-01
   -130.00         X      -1.10279E-02
 -1.05E-01 -9.04E-02 -8.55E-02 -7.91E-02 -7.15E-02 -6.31E-02 -5.35E-02 -4.29E-02
 -3.21E-02 -2.19E-02 -1.32E-02 -6.72E-03 -2.77E-03 -8.57E-04 -1.82E-04 -2.34E-05
 -1.55E-06 -4.28E-08 -3.73E-10 -7.04E-13 -1.99E-16 -6.20E-28  0.00E-01  0.00E-01
   -130.00         Y      -6.20251E-02
  4.14E-02  3.55E-02  3.36E-02  3.11E-02  2.81E-02  2.48E-02  2.10E-02  1.69E-02
  1.26E-02  8.61E-03  5.19E-03  2.65E-03  1.09E-03  3.39E-04  7.24E-05  9.31E-06
  6.17E-07  1.71E-08  1.50E-10  2.84E-13  8.07E-17  2.53E-28  0.00E-01  0.00E-01
   -130.00         Z      -1.36944E+05
  1.74E-01  1.49E-01  1.41E-01  1.30E-01  1.18E-01  1.04E-01  8.80E-02  7.05E-02
  5.27E-02  3.58E-02  2.15E-02  1.09E-02  4.48E-03  1.38E-03  2.92E-04  3.71E-05
  2.43E-06  6.63E-08  5.70E-10  1.06E-12  2.94E-16  8.90E-28  0.00E-01  0.00E-01
   -120.00         X      -1.10619E-02
 -1.17E-01 -1.00E-01 -9.49E-02 -8.78E-02 -7.94E-02 -7.00E-02 -5.94E-02 -4.76E-02
 -3.57E-02 -2.43E-02 -1.46E-02 -7.47E-03 -3.08E-03 -9.54E-04 -2.03E-04 -2.61E-05
 -1.73E-06 -4.79E-08 -4.18E-10 -7.89E-13 -2.24E-16 -6.98E-28  0.00E-01  0.00E-01
   -120.00         Y      -5.71756E-02
  4.68E-02  4.02E-02  3.81E-02  3.52E-02  3.18E-02  2.81E-02  2.38E-02  1.91E-02
  1.43E-02  9.75E-03  5.88E-03  3.01E-03  1.24E-03  3.85E-04  8.22E-05  1.06E-05
  7.02E-07  1.95E-08  1.71E-10  3.24E-13  9.23E-17  2.90E-28  0.00E-01  0.00E-01
   -120.00         Z      -1.36164E+05
  1.97E-01  1.69E-01  1.60E-01  1.48E-01  1.33E-01  1.18E-01  9.96E-02  7.98E-02
  5.97E-02  4.05E-02  2.43E-02  1.24E-02  5.08E-03  1.56E-03  3.31E-04  4.20E-05
  2.75E-06  7.52E-08  6.47E-10  1.20E-12  3.35E-16  1.01E-27  0.00E-01  0.00E-01
   -110.00         X      -1.10863E-02
 -1.30E-01 -1.12E-01 -1.06E-01 -9.78E-02 -8.84E-02 -7.80E-02 -6.61E-02 -5.31E-02
 -3.98E-02 -2.71E-02 -1.63E-02 -8.34E-03 -3.43E-03 -1.07E-03 -2.27E-04 -2.92E-05
 -1.93E-06 -5.37E-08 -4.70E-10 -8.88E-13 -2.53E-16 -7.90E-28  0.00E-01  0.00E-01
   -110.00         Y      -5.23165E-02
  5.33E-02  4.57E-02  4.33E-02  4.00E-02  3.62E-02  3.20E-02  2.71E-02  2.18E-02
  1.63E-02  1.11E-02  6.70E-03  3.43E-03  1.41E-03  4.40E-04  9.39E-05  1.21E-05
  8.03E-07  2.24E-08  1.96E-10  3.73E-13  1.06E-16  3.35E-28  0.00E-01  0.00E-01
   -110.00         Z      -1.35206E+05
  2.24E-01  1.92E-01  1.82E-01  1.68E-01  1.52E-01  1.34E-01  1.13E-01  9.08E-02
  6.79E-02  4.61E-02  2.77E-02  1.41E-02  5.78E-03  1.78E-03  3.77E-04  4.79E-05
  3.14E-06  8.59E-08  7.39E-10  1.37E-12  3.83E-16  1.16E-27  0.00E-01  0.00E-01
   -100.00         X      -1.10997E-02
 -1.45E-01 -1.25E-01 -1.18E-01 -1.09E-01 -9.89E-02 -8.73E-02 -7.40E-02 -5.94E-02
 -4.45E-02 -3.03E-02 -1.83E-02 -9.34E-03 -3.85E-03 -1.20E-03 -2.55E-04 -3.28E-05
 -2.18E-06 -6.06E-08 -5.31E-10 -1.01E-12 -2.87E-16 -9.00E-28  0.00E-01  0.00E-01
   -100.00         Y      -4.74464E-02
  6.10E-02  5.24E-02  4.96E-02  4.59E-02  4.15E-02  3.66E-02  3.11E-02  2.49E-02
  1.87E-02  1.27E-02  7.68E-03  3.93E-03  1.62E-03  5.05E-04  1.08E-04  1.39E-05
  9.26E-07  2.58E-08  2.27E-10  4.31E-13  1.23E-16  3.89E-28  0.00E-01  0.00E-01
   -100.00         Z      -1.34033E+05
  2.56E-01  2.20E-01  2.08E-01  1.92E-01  1.74E-01  1.53E-01  1.30E-01  1.04E-01
  7.77E-02  5.28E-02  3.17E-02  1.61E-02  6.62E-03  2.04E-03  4.32E-04  5.50E-05
  3.60E-06  9.87E-08  8.50E-10  1.58E-12  4.42E-16  1.34E-27  0.00E-01  0.00E-01
   -90.000         X      -1.10995E-02
 -1.63E-01 -1.40E-01 -1.33E-01 -1.23E-01 -1.11E-01 -9.81E-02 -8.31E-02 -6.67E-02
 -5.00E-02 -3.41E-02 -2.05E-02 -1.05E-02 -4.34E-03 -1.35E-03 -2.88E-04 -3.71E-05
 -2.47E-06 -6.87E-08 -6.03E-10 -1.15E-12 -3.27E-16 -1.03E-27  0.00E-01  0.00E-01
   -90.000         Y      -4.25632E-02
  7.04E-02  6.04E-02  5.72E-02  5.29E-02  4.79E-02  4.23E-02  3.59E-02  2.88E-02
  2.16E-02  1.47E-02  8.87E-03  4.55E-03  1.88E-03  5.85E-04  1.25E-04  1.61E-05
  1.08E-06  3.00E-08  2.65E-10  5.03E-13  1.44E-16  4.56E-28  0.00E-01  0.00E-01
   -90.000         Z      -1.32588E+05
  2.95E-01  2.53E-01  2.39E-01  2.21E-01  2.00E-01  1.76E-01  1.49E-01  1.20E-01
  8.95E-02  6.08E-02  3.65E-02  1.86E-02  7.63E-03  2.35E-03  4.98E-04  6.35E-05
  4.16E-06  1.14E-07  9.84E-10  1.83E-12  5.13E-16  1.56E-27  0.00E-01  0.00E-01
   -80.000         X      -1.10817E-02
 -1.84E-01 -1.58E-01 -1.50E-01 -1.39E-01 -1.25E-01 -1.11E-01 -9.38E-02 -7.53E-02
 -5.65E-02 -3.85E-02 -2.32E-02 -1.19E-02 -4.91E-03 -1.53E-03 -3.27E-04 -4.21E-05
 -2.81E-06 -7.84E-08 -6.90E-10 -1.31E-12 -3.76E-16 -1.19E-27  0.00E-01  0.00E-01
   -80.000         Y      -3.76637E-02
  8.18E-02  7.03E-02  6.66E-02  6.15E-02  5.57E-02  4.92E-02  4.17E-02  3.35E-02
  2.51E-02  1.71E-02  1.03E-02  5.30E-03  2.19E-03  6.82E-04  1.46E-04  1.89E-05
  1.26E-06  3.53E-08  3.11E-10  5.93E-13  1.70E-16  5.40E-28  0.00E-01  0.00E-01
   -80.000         Z      -1.30796E+05
  3.42E-01  2.93E-01  2.77E-01  2.56E-01  2.32E-01  2.04E-01  1.73E-01  1.39E-01
  1.04E-01  7.05E-02  4.24E-02  2.16E-02  8.86E-03  2.73E-03  5.79E-04  7.38E-05
  4.84E-06  1.33E-07  1.15E-09  2.14E-12  6.00E-16  1.83E-27  0.00E-01  0.00E-01
   -70.000         X      -1.10387E-02
 -2.09E-01 -1.79E-01 -1.70E-01 -1.57E-01 -1.42E-01 -1.25E-01 -1.06E-01 -8.55E-02
 -6.41E-02 -4.37E-02 -2.64E-02 -1.35E-02 -5.58E-03 -1.74E-03 -3.73E-04 -4.82E-05
 -3.21E-06 -8.99E-08 -7.93E-10 -1.51E-12 -4.34E-16 -1.38E-27  0.00E-01  0.00E-01
   -70.000         Y      -3.27440E-02
  9.59E-02  8.24E-02  7.81E-02  7.22E-02  6.53E-02  5.77E-02  4.89E-02  3.93E-02
  2.95E-02  2.01E-02  1.21E-02  6.23E-03  2.58E-03  8.04E-04  1.72E-04  2.23E-05
  1.49E-06  4.18E-08  3.69E-10  7.05E-13  2.02E-16  6.45E-28  0.00E-01  0.00E-01
   -70.000         Z      -1.28548E+05
  4.00E-01  3.43E-01  3.24E-01  3.00E-01  2.71E-01  2.39E-01  2.02E-01  1.62E-01
  1.21E-01  8.25E-02  4.96E-02  2.53E-02  1.04E-02  3.20E-03  6.79E-04  8.66E-05
  5.69E-06  1.56E-07  1.35E-09  2.53E-12  7.09E-16  2.17E-27  0.00E-01  0.00E-01
   -60.000         X      -1.09575E-02
 -2.38E-01 -2.04E-01 -1.93E-01 -1.79E-01 -1.62E-01 -1.43E-01 -1.21E-01 -9.74E-02
 -7.31E-02 -4.99E-02 -3.01E-02 -1.54E-02 -6.39E-03 -1.99E-03 -4.28E-04 -5.54E-05
 -3.70E-06 -1.04E-07 -9.19E-10 -1.76E-12 -5.06E-16 -1.61E-27  0.00E-01  0.00E-01
   -60.000         Y      -2.77987E-02
  1.14E-01  9.77E-02  9.25E-02  8.56E-02  7.74E-02  6.84E-02  5.80E-02  4.66E-02
  3.50E-02  2.39E-02  1.44E-02  7.40E-03  3.06E-03  9.56E-04  2.05E-04  2.66E-05
  1.78E-06  5.00E-08  4.43E-10  8.48E-13  2.44E-16  7.80E-28  0.00E-01  0.00E-01
   -60.000         Z      -1.25685E+05
  4.71E-01  4.04E-01  3.82E-01  3.53E-01  3.19E-01  2.82E-01  2.39E-01  1.91E-01
  1.43E-01  9.73E-02  5.85E-02  2.99E-02  1.23E-02  3.79E-03  8.03E-04  1.03E-04
  6.75E-06  1.86E-07  1.61E-09  3.01E-12  8.47E-16  2.60E-27  0.00E-01  0.00E-01
   -50.000         X      -1.08138E-02
 -2.72E-01 -2.34E-01 -2.22E-01 -2.05E-01 -1.85E-01 -1.64E-01 -1.39E-01 -1.12E-01
 -8.39E-02 -5.72E-02 -3.46E-02 -1.78E-02 -7.35E-03 -2.30E-03 -4.94E-04 -6.41E-05
 -4.30E-06 -1.21E-07 -1.07E-09 -2.06E-12 -5.94E-16 -1.90E-27  0.00E-01  0.00E-01
   -50.000         Y      -2.28218E-02
  1.36E-01  1.17E-01  1.11E-01  1.03E-01  9.28E-02  8.20E-02  6.96E-02  5.59E-02
  4.20E-02  2.87E-02  1.73E-02  8.90E-03  3.69E-03  1.15E-03  2.48E-04  3.22E-05
  2.16E-06  6.07E-08  5.38E-10  1.03E-12  2.98E-16  9.55E-28  0.00E-01  0.00E-01
   -50.000         Z      -1.21968E+05
  5.61E-01  4.81E-01  4.55E-01  4.21E-01  3.80E-01  3.36E-01  2.84E-01  2.28E-01
  1.71E-01  1.16E-01  6.98E-02  3.56E-02  1.46E-02  4.52E-03  9.61E-04  1.23E-04
  8.09E-06  2.23E-07  1.94E-09  3.63E-12  1.02E-15  3.15E-27  0.00E-01  0.00E-01
   -40.000         X      -1.05608E-02
 -3.13E-01 -2.69E-01 -2.55E-01 -2.36E-01 -2.14E-01 -1.89E-01 -1.60E-01 -1.29E-01
 -9.68E-02 -6.61E-02 -4.00E-02 -2.05E-02 -8.52E-03 -2.67E-03 -5.74E-04 -7.47E-05
 -5.02E-06 -1.42E-07 -1.26E-09 -2.43E-12 -7.03E-16 -2.27E-27  0.00E-01  0.00E-01
   -40.000         Y      -1.78106E-02
  1.65E-01  1.42E-01  1.35E-01  1.24E-01  1.13E-01  9.96E-02  8.45E-02  6.79E-02
  5.10E-02  3.49E-02  2.11E-02  1.08E-02  4.49E-03  1.41E-03  3.03E-04  3.94E-05
  2.65E-06  7.46E-08  6.63E-10  1.28E-12  3.69E-16  1.19E-27  0.00E-01  0.00E-01
   -40.000         Z      -1.17030E+05
  6.75E-01  5.79E-01  5.48E-01  5.07E-01  4.58E-01  4.04E-01  3.43E-01  2.75E-01
  2.06E-01  1.40E-01  8.42E-02  4.30E-02  1.77E-02  5.47E-03  1.16E-03  1.49E-04
  9.82E-06  2.71E-07  2.36E-09  4.43E-12  1.25E-15  3.88E-27  0.00E-01  0.00E-01
   -30.000         X      -1.01047E-02
 -3.62E-01 -3.12E-01 -2.95E-01 -2.73E-01 -2.48E-01 -2.19E-01 -1.86E-01 -1.49E-01
 -1.12E-01 -7.67E-02 -4.65E-02 -2.39E-02 -9.93E-03 -3.11E-03 -6.73E-04 -8.78E-05
 -5.92E-06 -1.68E-07 -1.50E-09 -2.89E-12 -8.41E-16 -2.73E-27  0.00E-01  0.00E-01
   -30.000         Y      -1.27810E-02
  2.03E-01  1.75E-01  1.66E-01  1.53E-01  1.39E-01  1.23E-01  1.04E-01  8.38E-02
  6.30E-02  4.30E-02  2.60E-02  1.34E-02  5.56E-03  1.74E-03  3.76E-04  4.90E-05
  3.30E-06  9.33E-08  8.31E-10  1.60E-12  4.64E-16  1.50E-27  0.00E-01  0.00E-01
   -30.000         Z      -1.10319E+05
  8.24E-01  7.07E-01  6.69E-01  6.19E-01  5.59E-01  4.94E-01  4.18E-01  3.36E-01
  2.51E-01  1.71E-01  1.03E-01  5.26E-02  2.16E-02  6.70E-03  1.43E-03  1.83E-04
  1.21E-05  3.35E-07  2.92E-09  5.50E-12  1.56E-15  4.85E-27  0.00E-01  0.00E-01
   -20.000         X      -9.26197E-03
 -4.21E-01 -3.63E-01 -3.44E-01 -3.18E-01 -2.88E-01 -2.55E-01 -2.16E-01 -1.74E-01
 -1.31E-01 -8.96E-02 -5.43E-02 -2.80E-02 -1.17E-02 -3.66E-03 -7.94E-04 -1.04E-04
 -7.03E-06 -2.00E-07 -1.79E-09 -3.48E-12 -1.02E-15 -3.32E-27  0.00E-01  0.00E-01
   -20.000         Y      -7.82794E-03
  2.55E-01  2.19E-01  2.08E-01  1.92E-01  1.74E-01  1.54E-01  1.31E-01  1.05E-01
  7.91E-02  5.41E-02  3.27E-02  1.69E-02  7.01E-03  2.20E-03  4.76E-04  6.21E-05
  4.19E-06  1.19E-07  1.06E-09  2.05E-12  5.96E-16  1.93E-27  0.00E-01  0.00E-01
   -20.000         Z      -1.01064E+05
  1.02E+00  8.76E-01  8.29E-01  7.66E-01  6.93E-01  6.12E-01  5.18E-01  4.16E-01
  3.12E-01  2.12E-01  1.28E-01  6.53E-02  2.69E-02  8.35E-03  1.78E-03  2.28E-04
  1.51E-05  4.20E-07  3.67E-09  6.94E-12  1.97E-15  6.17E-27  0.00E-01  0.00E-01
   -10.000         X      -7.75483E-03
 -4.92E-01 -4.24E-01 -4.02E-01 -3.72E-01 -3.37E-01 -2.98E-01 -2.53E-01 -2.04E-01
 -1.54E-01 -1.05E-01 -6.38E-02 -3.30E-02 -1.38E-02 -4.34E-03 -9.43E-04 -1.24E-04
 -8.42E-06 -2.41E-07 -2.17E-09 -4.23E-12 -1.24E-15 -4.08E-27  0.00E-01  0.00E-01
   -10.000         Y      -3.30238E-03
  3.26E-01  2.81E-01  2.66E-01  2.46E-01  2.23E-01  1.97E-01  1.67E-01  1.35E-01
  1.01E-01  6.93E-02  4.20E-02  2.17E-02  9.03E-03  2.84E-03  6.15E-04  8.05E-05
  5.45E-06  1.55E-07  1.39E-09  2.69E-12  7.82E-16  2.55E-27  0.00E-01  0.00E-01
   -10.000         Z       -88555.    
  1.29E+00  1.10E+00  1.05E+00  9.66E-01  8.74E-01  7.72E-01  6.54E-01  5.25E-01
  3.93E-01  2.68E-01  1.61E-01  8.27E-02  3.41E-02  1.06E-02  2.26E-03  2.91E-04
  1.93E-05  5.38E-07  4.72E-09  8.95E-12  2.55E-15  8.03E-27  0.00E-01  0.00E-01
   0.00000E-01     X      -5.53322E-03
 -5.75E-01 -4.96E-01 -4.70E-01 -4.35E-01 -3.95E-01 -3.49E-01 -2.97E-01 -2.39E-01
 -1.80E-01 -1.24E-01 -7.52E-02 -3.90E-02 -1.63E-02 -5.16E-03 -1.13E-03 -1.49E-04
 -1.02E-05 -2.92E-07 -2.64E-09 -5.18E-12 -1.53E-15 -5.05E-27  0.00E-01  0.00E-01
   0.00000E-01     Y      -1.44890E-09
  4.27E-01  3.68E-01  3.48E-01  3.23E-01  2.92E-01  2.58E-01  2.20E-01  1.77E-01
  1.33E-01  9.12E-02  5.53E-02  2.86E-02  1.19E-02  3.75E-03  8.15E-04  1.07E-04
  7.27E-06  2.07E-07  1.86E-09  3.61E-12  1.05E-15  3.45E-27  0.00E-01  0.00E-01
   0.00000E-01     Z       -73290.    
  1.65E+00  1.42E+00  1.35E+00  1.24E+00  1.13E+00  9.94E-01  8.43E-01  6.77E-01
  5.07E-01  3.46E-01  2.09E-01  1.07E-01  4.41E-02  1.37E-02  2.94E-03  3.79E-04
  2.53E-05  7.06E-07  6.21E-09  1.18E-11  3.39E-15  1.07E-26  0.00E-01  0.00E-01
    10.000         X      -3.31046E-03
 -6.68E-01 -5.77E-01 -5.47E-01 -5.07E-01 -4.60E-01 -4.07E-01 -3.46E-01 -2.80E-01
 -2.11E-01 -1.45E-01 -8.84E-02 -4.59E-02 -1.93E-02 -6.13E-03 -1.34E-03 -1.79E-04
 -1.23E-05 -3.55E-07 -3.24E-09 -6.38E-12 -1.89E-15 -6.31E-27  0.00E-01  0.00E-01
    10.000         Y       1.50859E-03
  5.75E-01  4.96E-01  4.70E-01  4.35E-01  3.95E-01  3.49E-01  2.97E-01  2.39E-01
  1.80E-01  1.23E-01  7.50E-02  3.88E-02  1.62E-02  5.12E-03  1.12E-03  1.47E-04
  1.00E-05  2.86E-07  2.58E-09  5.02E-12  1.47E-15  4.82E-27  0.00E-01  0.00E-01
    10.000         Z       -58019.    
  2.18E+00  1.88E+00  1.78E+00  1.64E+00  1.49E+00  1.31E+00  1.11E+00  8.95E-01
  6.71E-01  4.58E-01  2.76E-01  1.42E-01  5.87E-02  1.83E-02  3.93E-03  5.08E-04
  3.40E-05  9.53E-07  8.43E-09  1.61E-11  4.64E-15  1.48E-26  0.00E-01  0.00E-01
    20.000         X      -1.79988E-03
 -7.60E-01 -6.58E-01 -6.24E-01 -5.78E-01 -5.25E-01 -4.65E-01 -3.96E-01 -3.20E-01
 -2.42E-01 -1.67E-01 -1.02E-01 -5.33E-02 -2.25E-02 -7.19E-03 -1.59E-03 -2.13E-04
 -1.47E-05 -4.29E-07 -3.94E-09 -7.82E-12 -2.33E-15 -7.84E-27  0.00E-01  0.00E-01
    20.000         Y       1.79391E-03
  8.04E-01  6.94E-01  6.58E-01  6.09E-01  5.52E-01  4.89E-01  4.16E-01  3.35E-01
  2.53E-01  1.73E-01  1.06E-01  5.47E-02  2.29E-02  7.25E-03  1.58E-03  2.09E-04
  1.43E-05  4.11E-07  3.71E-09  7.25E-12  2.13E-15  7.01E-27  0.00E-01  0.00E-01
    20.000         Z       -45495.    
  2.97E+00  2.55E+00  2.42E+00  2.24E+00  2.03E+00  1.79E+00  1.52E+00  1.22E+00
  9.17E-01  6.26E-01  3.78E-01  1.95E-01  8.06E-02  2.52E-02  5.43E-03  7.05E-04
  4.74E-05  1.33E-06  1.19E-08  2.28E-11  6.59E-15  2.12E-26  0.00E-01  0.00E-01
    30.000         X      -9.51383E-04
 -8.10E-01 -7.03E-01 -6.68E-01 -6.20E-01 -5.63E-01 -5.00E-01 -4.27E-01 -3.46E-01
 -2.62E-01 -1.82E-01 -1.12E-01 -5.86E-02 -2.49E-02 -8.05E-03 -1.80E-03 -2.43E-04
 -1.70E-05 -5.01E-07 -4.65E-09 -9.29E-12 -2.78E-15 -9.48E-27  0.00E-01  0.00E-01
    30.000         Y       1.65159E-03
  1.17E+00  1.01E+00  9.61E-01  8.91E-01  8.08E-01  7.15E-01  6.09E-01  4.91E-01
  3.71E-01  2.55E-01  1.55E-01  8.07E-02  3.39E-02  1.08E-02  2.36E-03  3.13E-04
  2.15E-05  6.18E-07  5.61E-09  1.10E-11  3.23E-15  1.07E-26  0.00E-01  0.00E-01
    30.000         Z       -36214.    
  4.20E+00  3.62E+00  3.43E+00  3.17E+00  2.87E+00  2.54E+00  2.15E+00  1.73E+00
  1.30E+00  8.91E-01  5.39E-01  2.78E-01  1.15E-01  3.62E-02  7.83E-03  1.02E-03
  6.90E-05  1.96E-06  1.75E-08  3.38E-11  9.82E-15  3.19E-26  0.00E-01  0.00E-01
    40.000         X      -4.87043E-04
 -6.87E-01 -6.00E-01 -5.71E-01 -5.31E-01 -4.84E-01 -4.31E-01 -3.69E-01 -3.01E-01
 -2.30E-01 -1.61E-01 -1.00E-01 -5.32E-02 -2.30E-02 -7.56E-03 -1.72E-03 -2.38E-04
 -1.70E-05 -5.09E-07 -4.79E-09 -9.71E-12 -2.94E-15 -1.02E-26  0.00E-01  0.00E-01
    40.000         Y       1.43242E-03
  1.81E+00  1.57E+00  1.48E+00  1.38E+00  1.25E+00  1.11E+00  9.42E-01  7.61E-01
  5.75E-01  3.96E-01  2.42E-01  1.26E-01  5.30E-02  1.69E-02  3.72E-03  4.95E-04
  3.41E-05  9.87E-07  9.00E-09  1.77E-11  5.21E-15  1.73E-26  0.00E-01  0.00E-01
    40.000         Z       -29467.    
  6.24E+00  5.38E+00  5.10E+00  4.72E+00  4.28E+00  3.78E+00  3.21E+00  2.59E+00
  1.95E+00  1.33E+00  8.10E-01  4.18E-01  1.74E-01  5.50E-02  1.19E-02  1.57E-03
  1.07E-04  3.04E-06  2.73E-08  5.32E-11  1.55E-14  5.09E-26  0.00E-01  0.00E-01
    50.000         X      -2.23308E-04
  7.51E-02  5.30E-02  4.73E-02  4.04E-02  3.29E-02  2.49E-02  1.63E-02  8.10E-03
  1.21E-03 -3.51E-03 -5.47E-03 -4.99E-03 -3.20E-03 -1.43E-03 -4.17E-04 -7.06E-05
 -5.93E-06 -2.02E-07 -2.09E-09 -4.55E-12 -1.45E-15 -5.41E-27  0.00E-01  0.00E-01
    50.000         Y       1.23118E-03
  2.98E+00  2.59E+00  2.45E+00  2.27E+00  2.06E+00  1.83E+00  1.56E+00  1.26E+00
  9.55E-01  6.58E-01  4.03E-01  2.10E-01  8.89E-02  2.84E-02  6.28E-03  8.41E-04
  5.82E-05  1.69E-06  1.55E-08  3.05E-11  9.02E-15  3.01E-26  0.00E-01  0.00E-01
    50.000         Z       -24484.    
  9.90E+00  8.55E+00  8.10E+00  7.50E+00  6.80E+00  6.02E+00  5.12E+00  4.13E+00
  3.11E+00  2.14E+00  1.30E+00  6.75E-01  2.83E-01  8.96E-02  1.96E-02  2.59E-03
  1.77E-04  5.09E-06  4.61E-08  9.03E-11  2.65E-14  8.77E-26  0.00E-01  0.00E-01
    60.000         X      -6.62021E-05
  3.31E+00  2.85E+00  2.70E+00  2.50E+00  2.26E+00  2.00E+00  1.70E+00  1.37E+00
  1.03E+00  7.03E-01  4.25E-01  2.19E-01  9.11E-02  2.86E-02  6.18E-03  8.08E-04
  5.46E-05  1.55E-06  1.39E-08  2.69E-11  7.85E-15  2.56E-26  0.00E-01  0.00E-01
    60.000         Y       1.06385E-03
  5.27E+00  4.57E+00  4.34E+00  4.02E+00  3.65E+00  3.24E+00  2.76E+00  2.24E+00
  1.70E+00  1.17E+00  7.18E-01  3.76E-01  1.59E-01  5.12E-02  1.14E-02  1.53E-03
  1.06E-04  3.09E-06  2.84E-08  5.61E-11  1.66E-14  5.56E-26  0.00E-01  0.00E-01
    60.000         Z       -20708.    
  1.71E+01  1.48E+01  1.40E+01  1.30E+01  1.18E+01  1.04E+01  8.88E+00  7.17E+00
  5.42E+00  3.73E+00  2.28E+00  1.19E+00  5.01E-01  1.60E-01  3.52E-02  4.69E-03
  3.24E-04  9.38E-06  8.56E-08  1.69E-10  4.98E-14  1.66E-25  0.00E-01  0.00E-01
    70.000         X       3.13009E-05
  1.78E+01  1.54E+01  1.46E+01  1.36E+01  1.23E+01  1.09E+01  9.34E+00  7.56E+00
  5.74E+00  3.97E+00  2.43E+00  1.28E+00  5.42E-01  1.74E-01  3.87E-02  5.22E-03
  3.63E-04  1.06E-05  9.77E-08  1.94E-10  5.75E-14  1.93E-25  0.00E-01  0.00E-01
    70.000         Y       9.27464E-04
  8.93E+00  7.73E+00  7.34E+00  6.81E+00  6.18E+00  5.48E+00  4.67E+00  3.78E+00
  2.87E+00  1.98E+00  1.21E+00  6.34E-01  2.69E-01  8.62E-02  1.91E-02  2.56E-03
  1.78E-04  5.20E-06  4.77E-08  9.44E-11  2.80E-14  9.38E-26  0.00E-01  0.00E-01
    70.000         Z       -17776.    
  3.18E+01  2.76E+01  2.62E+01  2.43E+01  2.21E+01  1.96E+01  1.67E+01  1.35E+01
  1.02E+01  7.08E+00  4.35E+00  2.28E+00  9.65E-01  3.10E-01  6.89E-02  9.27E-03
  6.45E-04  1.88E-05  1.73E-07  3.43E-10  1.02E-13  3.41E-25  0.00E-01  0.00E-01
    80.000         X       9.36642E-05
  8.67E+01  7.54E+01  7.16E+01  6.65E+01  6.05E+01  5.38E+01  4.60E+01  3.74E+01
  2.85E+01  1.98E+01  1.22E+01  6.46E+00  2.77E+00  8.99E-01  2.02E-01  2.75E-02
  1.94E-03  5.72E-05  5.30E-07  1.06E-09  3.15E-13  1.06E-24  0.00E-01  0.00E-01
    80.000         Y       8.15923E-04
 -3.82E+00 -3.55E+00 -3.43E+00 -3.26E+00 -3.05E+00 -2.79E+00 -2.48E+00 -2.11E+00
 -1.70E+00 -1.27E+00 -8.43E-01 -4.84E-01 -2.26E-01 -8.03E-02 -1.97E-02 -2.90E-03
 -2.18E-04 -6.74E-06 -6.44E-08 -1.30E-10 -3.91E-14 -1.32E-25  0.00E-01  0.00E-01
    80.000         Z       -15447.    
  4.88E+01  4.24E+01  4.03E+01  3.74E+01  3.40E+01  3.01E+01  2.57E+01  2.09E+01
  1.58E+01  1.10E+01  6.73E+00  3.53E+00  1.50E+00  4.84E-01  1.08E-01  1.46E-02
  1.02E-03  2.98E-05  2.74E-07  5.44E-10  1.62E-13  5.43E-25  0.00E-01  0.00E-01
    90.000         X       1.34296E-04
  2.10E+02  1.82E+02  1.73E+02  1.60E+02  1.46E+02  1.29E+02  1.10E+02  8.93E+01
  6.77E+01  4.68E+01  2.87E+01  1.51E+01  6.40E+00  2.06E+00  4.58E-01  6.19E-02
  4.33E-03  1.27E-04  1.18E-06  2.34E-09  7.01E-13  2.38E-24  0.00E-01  0.00E-01
    90.000         Y       7.23749E-04
 -1.49E+02 -1.31E+02 -1.25E+02 -1.16E+02 -1.06E+02 -9.48E+01 -8.16E+01 -6.69E+01
 -5.14E+01 -3.62E+01 -2.27E+01 -1.22E+01 -5.32E+00 -1.76E+00 -4.05E-01 -5.64E-02
 -4.04E-03 -1.21E-04 -1.13E-06 -2.27E-09 -6.78E-13 -2.29E-24  0.00E-01  0.00E-01
    90.000         Z       -13561.    
 -8.29E+01 -7.19E+01 -6.83E+01 -6.35E+01 -5.79E+01 -5.16E+01 -4.43E+01 -3.62E+01
 -2.77E+01 -1.94E+01 -1.21E+01 -6.47E+00 -2.80E+00 -9.25E-01 -2.11E-01 -2.92E-02
 -2.09E-03 -6.24E-05 -5.85E-07 -1.18E-09 -3.53E-13 -1.20E-24  0.00E-01  0.00E-01
    100.00         X       1.60934E-04
  3.41E+01  2.78E+01  2.58E+01  2.33E+01  2.05E+01  1.74E+01  1.40E+01  1.04E+01
  7.03E+00  4.10E+00  1.94E+00  6.55E-01  9.67E-02 -3.45E-02 -2.33E-02 -5.25E-03
 -5.01E-04 -1.78E-05 -1.83E-07 -3.84E-10 -1.16E-13 -3.86E-25  0.00E-01  0.00E-01
    100.00         Y       6.46646E-04
 -1.67E+02 -1.47E+02 -1.40E+02 -1.31E+02 -1.19E+02 -1.06E+02 -9.11E+01 -7.43E+01
 -5.69E+01 -3.98E+01 -2.48E+01 -1.32E+01 -5.73E+00 -1.88E+00 -4.29E-01 -5.93E-02
 -4.23E-03 -1.26E-04 -1.18E-06 -2.38E-09 -7.12E-13 -2.42E-24  0.00E-01  0.00E-01
    100.00         Z       -12008.    
 -2.93E+02 -2.54E+02 -2.41E+02 -2.24E+02 -2.03E+02 -1.80E+02 -1.53E+02 -1.24E+02
 -9.38E+01 -6.47E+01 -3.96E+01 -2.07E+01 -8.73E+00 -2.80E+00 -6.20E-01 -8.33E-02
 -5.81E-03 -1.71E-04 -1.58E-06 -3.17E-09 -9.51E-13 -3.26E-24  0.00E-01  0.00E-01
    110.00         X       1.78253E-04
 -8.49E+01 -7.49E+01 -7.14E+01 -6.66E+01 -6.08E+01 -5.43E+01 -4.67E+01 -3.82E+01
 -2.94E+01 -2.06E+01 -1.29E+01 -6.95E+00 -3.04E+00 -1.01E+00 -2.32E-01 -3.25E-02
 -2.35E-03 -7.10E-05 -6.73E-07 -1.37E-09 -4.16E-13 -1.44E-24  0.00E-01  0.00E-01
    110.00         Y       5.81378E-04
 -2.89E+01 -2.58E+01 -2.47E+01 -2.31E+01 -2.13E+01 -1.91E+01 -1.66E+01 -1.37E+01
 -1.07E+01 -7.64E+00 -4.88E+00 -2.68E+00 -1.20E+00 -4.09E-01 -9.65E-02 -1.38E-02
 -1.02E-03 -3.13E-05 -3.00E-07 -6.14E-10 -1.87E-13 -6.51E-25  0.00E-01  0.00E-01
    110.00         Z       -10711.    
 -2.09E+02 -1.79E+02 -1.70E+02 -1.57E+02 -1.42E+02 -1.25E+02 -1.06E+02 -8.45E+01
 -6.32E+01 -4.29E+01 -2.57E+01 -1.31E+01 -5.36E+00 -1.66E+00 -3.52E-01 -4.54E-02
 -3.03E-03 -8.61E-05 -7.80E-07 -1.55E-09 -4.64E-13 -1.60E-24  0.00E-01  0.00E-01
    120.00         X       1.89191E-04
 -7.62E+01 -6.60E+01 -6.26E+01 -5.80E+01 -5.25E+01 -4.65E+01 -3.96E+01 -3.19E+01
 -2.41E+01 -1.66E+01 -1.01E+01 -5.26E+00 -2.21E+00 -7.06E-01 -1.56E-01 -2.09E-02
 -1.46E-03 -4.33E-05 -4.06E-07 -8.27E-10 -2.53E-13 -8.94E-25  0.00E-01  0.00E-01
    120.00         Y       5.25522E-04
  2.01E+01  1.68E+01  1.58E+01  1.45E+01  1.29E+01  1.12E+01  9.29E+00  7.23E+00
  5.20E+00  3.35E+00  1.87E+00  8.57E-01  3.02E-01  7.44E-02  1.09E-02  6.58E-04
 -1.04E-05 -1.84E-06 -2.94E-08 -7.90E-11 -2.84E-14 -1.20E-25  0.00E-01  0.00E-01
    120.00         Z       -9615.3    
 -1.02E+02 -8.66E+01 -8.17E+01 -7.52E+01 -6.77E+01 -5.93E+01 -4.99E+01 -3.96E+01
 -2.92E+01 -1.95E+01 -1.15E+01 -5.69E+00 -2.25E+00 -6.64E-01 -1.33E-01 -1.60E-02
 -9.90E-04 -2.59E-05 -2.18E-07 -4.10E-10 -1.19E-13 -3.93E-25  0.00E-01  0.00E-01
    130.00         X       1.95665E-04
 -5.07E+01 -4.35E+01 -4.11E+01 -3.79E+01 -3.42E+01 -3.02E+01 -2.55E+01 -2.04E+01
 -1.52E+01 -1.03E+01 -6.18E+00 -3.14E+00 -1.29E+00 -3.97E-01 -8.43E-02 -1.09E-02
 -7.31E-04 -2.09E-05 -1.92E-07 -3.88E-10 -1.19E-13 -4.24E-25  0.00E-01  0.00E-01
    130.00         Y       4.77247E-04
  2.50E+01  2.11E+01  1.99E+01  1.83E+01  1.65E+01  1.44E+01  1.21E+01  9.57E+00
  7.03E+00  4.66E+00  2.71E+00  1.32E+00  5.10E-01  1.45E-01  2.75E-02  3.01E-03
  1.60E-04  3.24E-06  1.75E-08  1.25E-11 -2.02E-15 -3.71E-26  0.00E-01  0.00E-01
    130.00         Z       -8679.3    
 -4.87E+01 -4.10E+01 -3.87E+01 -3.55E+01 -3.19E+01 -2.79E+01 -2.34E+01 -1.85E+01
 -1.36E+01 -8.99E+00 -5.22E+00 -2.54E+00 -9.83E-01 -2.80E-01 -5.36E-02 -5.97E-03
 -3.31E-04 -7.40E-06 -5.04E-08 -7.19E-11 -1.50E-14 -2.08E-26  0.00E-01  0.00E-01
    140.00         X       1.98956E-04
 -3.30E+01 -2.81E+01 -2.65E+01 -2.44E+01 -2.20E+01 -1.93E+01 -1.63E+01 -1.30E+01
 -9.63E+00 -6.47E+00 -3.84E+00 -1.92E+00 -7.72E-01 -2.33E-01 -4.80E-02 -5.96E-03
 -3.84E-04 -1.05E-05 -9.28E-08 -1.81E-10 -5.42E-14 -1.88E-25  0.00E-01  0.00E-01
    140.00         Y       4.35169E-04
  2.07E+01  1.76E+01  1.66E+01  1.53E+01  1.38E+01  1.21E+01  1.02E+01  8.08E+00
  5.97E+00  3.99E+00  2.35E+00  1.16E+00  4.57E-01  1.34E-01  2.63E-02  3.03E-03
  1.72E-04  3.88E-06  2.51E-08  2.93E-11  3.07E-15 -2.09E-26  0.00E-01  0.00E-01
    140.00         Z       -7872.5    
 -2.50E+01 -2.10E+01 -1.98E+01 -1.82E+01 -1.64E+01 -1.44E+01 -1.20E+01 -9.51E+00
 -6.99E+00 -4.63E+00 -2.69E+00 -1.31E+00 -5.07E-01 -1.44E-01 -2.73E-02 -2.97E-03
 -1.55E-04 -3.05E-06 -1.49E-08 -5.51E-12  4.70E-15  4.98E-26  0.00E-01  0.00E-01
    150.00         X       1.99954E-04
 -2.23E+01 -1.89E+01 -1.79E+01 -1.65E+01 -1.48E+01 -1.30E+01 -1.10E+01 -8.72E+00
 -6.46E+00 -4.34E+00 -2.56E+00 -1.28E+00 -5.10E-01 -1.52E-01 -3.09E-02 -3.76E-03
 -2.35E-04 -6.16E-06 -5.15E-08 -9.47E-11 -2.67E-14 -8.37E-26  0.00E-01  0.00E-01
    150.00         Y       3.98202E-04
  1.58E+01  1.35E+01  1.28E+01  1.18E+01  1.06E+01  9.35E+00  7.88E+00  6.28E+00
  4.66E+00  3.13E+00  1.85E+00  9.26E-01  3.69E-01  1.10E-01  2.20E-02  2.60E-03
  1.54E-04  3.62E-06  2.49E-08  3.26E-11  4.88E-15 -1.10E-26  0.00E-01  0.00E-01
    150.00         Z       -7171.4    
 -1.39E+01 -1.17E+01 -1.11E+01 -1.02E+01 -9.20E+00 -8.07E+00 -6.79E+00 -5.38E+00
 -3.97E+00 -2.65E+00 -1.55E+00 -7.66E-01 -3.00E-01 -8.66E-02 -1.67E-02 -1.86E-03
 -9.97E-05 -1.98E-06 -9.20E-09 -2.73E-13  5.02E-15  4.59E-26  0.00E-01  0.00E-01
    160.00         X       1.99280E-04
 -1.58E+01 -1.34E+01 -1.27E+01 -1.17E+01 -1.05E+01 -9.25E+00 -7.80E+00 -6.21E+00
 -4.61E+00 -3.09E+00 -1.83E+00 -9.16E-01 -3.66E-01 -1.09E-01 -2.22E-02 -2.68E-03
 -1.65E-04 -4.21E-06 -3.36E-08 -5.77E-11 -1.49E-14 -3.83E-26  0.00E-01  0.00E-01
    160.00         Y       3.65513E-04
  1.19E+01  1.02E+01  9.65E+00  8.91E+00  8.05E+00  7.09E+00  5.98E+00  4.77E+00
  3.55E+00  2.39E+00  1.42E+00  7.15E-01  2.87E-01  8.61E-02  1.75E-02  2.10E-03
  1.27E-04  3.07E-06  2.21E-08  3.10E-11  5.49E-15 -3.08E-27  0.00E-01  0.00E-01
    160.00         Z       -6557.8    
 -8.19E+00 -6.96E+00 -6.59E+00 -6.08E+00 -5.49E+00 -4.83E+00 -4.07E+00 -3.24E+00
 -2.40E+00 -1.61E+00 -9.53E-01 -4.75E-01 -1.88E-01 -5.54E-02 -1.09E-02 -1.25E-03
 -6.97E-05 -1.46E-06 -7.58E-09 -2.72E-12  2.83E-15  3.10E-26  0.00E-01  0.00E-01
    170.00         X       1.97383E-04
 -1.16E+01 -9.90E+00 -9.36E+00 -8.64E+00 -7.80E+00 -6.86E+00 -5.79E+00 -4.61E+00
 -3.43E+00 -2.31E+00 -1.37E+00 -6.87E-01 -2.76E-01 -8.27E-02 -1.68E-02 -2.04E-03
 -1.25E-04 -3.15E-06 -2.44E-08 -3.98E-11 -9.45E-15 -1.84E-26  0.00E-01  0.00E-01
    170.00         Y       3.36431E-04
  9.00E+00  7.69E+00  7.28E+00  6.73E+00  6.08E+00  5.35E+00  4.52E+00  3.61E+00
  2.69E+00  1.81E+00  1.08E+00  5.44E-01  2.19E-01  6.61E-02  1.35E-02  1.64E-03
  1.00E-04  2.48E-06  1.84E-08  2.73E-11  5.44E-15  2.74E-27  0.00E-01  0.00E-01
    170.00         Z       -6017.5    
 -5.03E+00 -4.30E+00 -4.07E+00 -3.76E+00 -3.40E+00 -2.99E+00 -2.53E+00 -2.01E+00
 -1.50E+00 -1.01E+00 -5.98E-01 -3.00E-01 -1.20E-01 -3.56E-02 -7.12E-03 -8.32E-04
 -4.75E-05 -1.04E-06 -5.91E-09 -3.84E-12  1.23E-15  1.84E-26  0.00E-01  0.00E-01
    180.00         X       1.94590E-04
 -8.85E+00 -7.55E+00 -7.14E+00 -6.59E+00 -5.95E+00 -5.24E+00 -4.43E+00 -3.53E+00
 -2.63E+00 -1.77E+00 -1.05E+00 -5.30E-01 -2.13E-01 -6.41E-02 -1.31E-02 -1.59E-03
 -9.77E-05 -2.45E-06 -1.87E-08 -2.96E-11 -6.65E-15 -9.83E-27  0.00E-01  0.00E-01
    180.00         Y       3.10428E-04
  6.80E+00  5.82E+00  5.51E+00  5.09E+00  4.60E+00  4.05E+00  3.42E+00  2.73E+00
  2.03E+00  1.37E+00  8.18E-01  4.12E-01  1.66E-01  5.03E-02  1.03E-02  1.26E-03
  7.79E-05  1.96E-06  1.50E-08  2.33E-11  5.09E-15  6.64E-27  0.00E-01  0.00E-01
    180.00         Z       -5538.9    
 -3.15E+00 -2.70E+00 -2.56E+00 -2.36E+00 -2.13E+00 -1.88E+00 -1.59E+00 -1.27E+00
 -9.41E-01 -6.34E-01 -3.76E-01 -1.89E-01 -7.56E-02 -2.26E-02 -4.54E-03 -5.36E-04
 -3.12E-05 -7.03E-07 -4.30E-09 -3.80E-12  3.01E-16  9.55E-27  0.00E-01  0.00E-01
    190.00         X       1.91144E-04
 -6.90E+00 -5.89E+00 -5.57E+00 -5.15E+00 -4.65E+00 -4.09E+00 -3.46E+00 -2.76E+00
 -2.06E+00 -1.39E+00 -8.25E-01 -4.15E-01 -1.67E-01 -5.04E-02 -1.03E-02 -1.26E-03
 -7.72E-05 -1.94E-06 -1.47E-08 -2.31E-11 -5.09E-15 -6.57E-27  0.00E-01  0.00E-01
    190.00         Y       2.87065E-04
  5.17E+00  4.42E+00  4.18E+00  3.86E+00  3.49E+00  3.07E+00  2.59E+00  2.07E+00
  1.54E+00  1.04E+00  6.20E-01  3.13E-01  1.26E-01  3.82E-02  7.88E-03  9.68E-04
  6.04E-05  1.54E-06  1.21E-08  1.97E-11  4.64E-15  8.91E-27  0.00E-01  0.00E-01
    190.00         Z       -5112.9    
 -1.98E+00 -1.69E+00 -1.60E+00 -1.48E+00 -1.34E+00 -1.18E+00 -9.92E-01 -7.91E-01
 -5.88E-01 -3.96E-01 -2.35E-01 -1.18E-01 -4.71E-02 -1.41E-02 -2.84E-03 -3.38E-04
 -1.99E-05 -4.64E-07 -3.05E-09 -3.42E-12 -2.24E-16  3.83E-27  0.00E-01  0.00E-01
    200.00         X       1.87228E-04
 -5.47E+00 -4.68E+00 -4.43E+00 -4.09E+00 -3.69E+00 -3.25E+00 -2.75E+00 -2.19E+00
 -1.63E+00 -1.10E+00 -6.55E-01 -3.30E-01 -1.33E-01 -4.01E-02 -8.22E-03 -1.00E-03
 -6.17E-05 -1.55E-06 -1.19E-08 -1.88E-11 -4.18E-15 -5.77E-27  0.00E-01  0.00E-01
    200.00         Y       2.65988E-04
  3.94E+00  3.37E+00  3.19E+00  2.94E+00  2.65E+00  2.34E+00  1.97E+00  1.58E+00
  1.17E+00  7.93E-01  4.73E-01  2.38E-01  9.64E-02  2.92E-02  6.05E-03  7.47E-04
  4.70E-05  1.22E-06  9.81E-09  1.66E-11  4.15E-15  9.86E-27  0.00E-01  0.00E-01
    200.00         Z       -4731.9    
 -1.21E+00 -1.04E+00 -9.83E-01 -9.06E-01 -8.17E-01 -7.18E-01 -6.06E-01 -4.83E-01
 -3.58E-01 -2.41E-01 -1.43E-01 -7.15E-02 -2.87E-02 -8.57E-03 -1.74E-03 -2.08E-04
 -1.26E-05 -3.04E-07 -2.17E-09 -2.97E-12 -4.90E-16  4.28E-28  0.00E-01  0.00E-01
    210.00         X       1.82980E-04
 -4.40E+00 -3.76E+00 -3.56E+00 -3.29E+00 -2.97E+00 -2.61E+00 -2.21E+00 -1.76E+00
 -1.31E+00 -8.85E-01 -5.26E-01 -2.65E-01 -1.07E-01 -3.22E-02 -6.62E-03 -8.08E-04
 -5.00E-05 -1.27E-06 -9.82E-09 -1.58E-11 -3.62E-15 -5.94E-27  0.00E-01  0.00E-01
    210.00         Y       2.46911E-04
  3.01E+00  2.57E+00  2.43E+00  2.24E+00  2.02E+00  1.78E+00  1.51E+00  1.20E+00
  8.96E-01  6.06E-01  3.61E-01  1.82E-01  7.39E-02  2.25E-02  4.67E-03  5.80E-04
  3.68E-05  9.71E-07  7.97E-09  1.39E-11  3.62E-15  9.78E-27  0.00E-01  0.00E-01
    210.00         Z       -4389.8    
 -7.06E-01 -6.03E-01 -5.69E-01 -5.24E-01 -4.71E-01 -4.14E-01 -3.49E-01 -2.78E-01
 -2.07E-01 -1.39E-01 -8.24E-02 -4.13E-02 -1.66E-02 -4.98E-03 -1.02E-03 -1.24E-04
 -7.70E-06 -1.96E-07 -1.52E-09 -2.45E-12 -5.69E-16 -1.29E-27  0.00E-01  0.00E-01
    220.00         X       1.78506E-04
 -3.57E+00 -3.05E+00 -2.88E+00 -2.66E+00 -2.41E+00 -2.12E+00 -1.79E+00 -1.43E+00
 -1.06E+00 -7.17E-01 -4.27E-01 -2.15E-01 -8.67E-02 -2.62E-02 -5.39E-03 -6.60E-04
 -4.11E-05 -1.05E-06 -8.26E-09 -1.36E-11 -3.23E-15 -6.28E-27  0.00E-01  0.00E-01
    220.00         Y       2.29576E-04
  2.30E+00  1.97E+00  1.86E+00  1.71E+00  1.55E+00  1.36E+00  1.15E+00  9.20E-01
  6.86E-01  4.64E-01  2.77E-01  1.40E-01  5.69E-02  1.73E-02  3.62E-03  4.52E-04
  2.90E-05  7.73E-07  6.45E-09  1.15E-11  3.09E-15  9.02E-27  0.00E-01  0.00E-01
    220.00         Z       -4081.5    
 -3.63E-01 -3.09E-01 -2.91E-01 -2.67E-01 -2.40E-01 -2.10E-01 -1.77E-01 -1.41E-01
 -1.05E-01 -7.09E-02 -4.21E-02 -2.12E-02 -8.57E-03 -2.60E-03 -5.41E-04 -6.78E-05
 -4.38E-06 -1.19E-07 -1.01E-09 -1.86E-12 -5.19E-16 -1.88E-27  0.00E-01  0.00E-01
    230.00         X       1.73886E-04
 -2.91E+00 -2.49E+00 -2.35E+00 -2.17E+00 -1.96E+00 -1.72E+00 -1.46E+00 -1.16E+00
 -8.66E-01 -5.85E-01 -3.48E-01 -1.75E-01 -7.09E-02 -2.14E-02 -4.42E-03 -5.44E-04
 -3.41E-05 -8.80E-07 -7.01E-09 -1.18E-11 -2.90E-15 -6.44E-27  0.00E-01  0.00E-01
    230.00         Y       2.13789E-04
  1.76E+00  1.51E+00  1.42E+00  1.31E+00  1.19E+00  1.04E+00  8.83E-01  7.06E-01
  5.27E-01  3.56E-01  2.13E-01  1.08E-01  4.39E-02  1.34E-02  2.81E-03  3.53E-04
  2.28E-05  6.14E-07  5.19E-09  9.43E-12  2.58E-15  7.90E-27  0.00E-01  0.00E-01
    230.00         Z       -3802.5    
 -1.32E-01 -1.12E-01 -1.04E-01 -9.50E-02 -8.50E-02 -7.46E-02 -6.30E-02 -5.04E-02
 -3.76E-02 -2.55E-02 -1.53E-02 -7.79E-03 -3.21E-03 -1.01E-03 -2.19E-04 -2.91E-05
 -2.05E-06 -6.14E-08 -5.89E-10 -1.24E-12 -3.98E-16 -1.81E-27  0.00E-01  0.00E-01
    240.00         X       1.69185E-04
 -2.38E+00 -2.03E+00 -1.92E+00 -1.78E+00 -1.60E+00 -1.41E+00 -1.19E+00 -9.52E-01
 -7.09E-01 -4.79E-01 -2.85E-01 -1.44E-01 -5.82E-02 -1.76E-02 -3.65E-03 -4.51E-04
 -2.84E-05 -7.40E-07 -5.98E-09 -1.02E-11 -2.59E-15 -6.32E-27  0.00E-01  0.00E-01
    240.00         Y       1.99368E-04
  1.36E+00  1.16E+00  1.10E+00  1.01E+00  9.12E-01  8.03E-01  6.79E-01  5.44E-01
  4.06E-01  2.75E-01  1.65E-01  8.35E-02  3.40E-02  1.04E-02  2.19E-03  2.77E-04
  1.80E-05  4.87E-07  4.15E-09  7.63E-12  2.12E-15  6.68E-27  0.00E-01  0.00E-01
    240.00         Z       -3549.4    
  1.89E-02  1.72E-02  1.73E-02  1.71E-02  1.60E-02  1.41E-02  1.18E-02  9.20E-03
  6.63E-03  4.26E-03  2.34E-03  1.04E-03  3.30E-04  5.91E-05 -6.35E-07 -2.48E-06
 -3.80E-07 -1.84E-08 -2.45E-10 -6.58E-13 -2.54E-16 -1.43E-27  0.00E-01  0.00E-01
    250.00         X       1.64451E-04
 -1.95E+00 -1.67E+00 -1.58E+00 -1.46E+00 -1.32E+00 -1.16E+00 -9.79E-01 -7.82E-01
 -5.83E-01 -3.94E-01 -2.35E-01 -1.19E-01 -4.80E-02 -1.46E-02 -3.02E-03 -3.75E-04
 -2.38E-05 -6.24E-07 -5.10E-09 -8.87E-12 -2.29E-15 -5.97E-27  0.00E-01  0.00E-01
    250.00         Y       1.86164E-04
  1.05E+00  8.97E-01  8.47E-01  7.81E-01  7.05E-01  6.21E-01  5.26E-01  4.21E-01
  3.14E-01  2.13E-01  1.28E-01  6.48E-02  2.65E-02  8.13E-03  1.71E-03  2.17E-04
  1.41E-05  3.86E-07  3.31E-09  6.13E-12  1.72E-15  5.52E-27  0.00E-01  0.00E-01
    250.00         Z       -3319.1    
  1.14E-01  9.83E-02  9.37E-02  8.73E-02  7.92E-02  6.97E-02  5.87E-02  4.66E-02
  3.45E-02  2.30E-02  1.35E-02  6.66E-03  2.61E-03  7.50E-04  1.43E-04  1.55E-05
  7.79E-07  1.30E-08  2.16E-11 -1.66E-13 -1.16E-16 -9.68E-28  0.00E-01  0.00E-01
    260.00         X       1.59722E-04
 -1.61E+00 -1.38E+00 -1.30E+00 -1.20E+00 -1.08E+00 -9.55E-01 -8.07E-01 -6.45E-01
 -4.81E-01 -3.25E-01 -1.94E-01 -9.80E-02 -3.97E-02 -1.21E-02 -2.51E-03 -3.13E-04
 -1.99E-05 -5.26E-07 -4.34E-09 -7.64E-12 -2.01E-15 -5.46E-27  0.00E-01  0.00E-01
    260.00         Y       1.74047E-04
  8.18E-01  6.98E-01  6.60E-01  6.08E-01  5.49E-01  4.84E-01  4.09E-01  3.28E-01
  2.45E-01  1.66E-01  9.96E-02  5.07E-02  2.07E-02  6.37E-03  1.35E-03  1.71E-04
  1.12E-05  3.06E-07  2.63E-09  4.90E-12  1.38E-15  4.49E-27  0.00E-01  0.00E-01
    260.00         Z       -3108.8    
  1.70E-01  1.46E-01  1.39E-01  1.29E-01  1.16E-01  1.02E-01  8.63E-02  6.87E-02
  5.09E-02  3.42E-02  2.02E-02  1.00E-02  3.99E-03  1.17E-03  2.33E-04  2.71E-05
  1.55E-06  3.47E-08  2.16E-10  2.14E-13 -2.87E-18 -5.35E-28  0.00E-01  0.00E-01
    270.00         X       1.55029E-04
 -1.33E+00 -1.14E+00 -1.08E+00 -9.94E-01 -8.97E-01 -7.90E-01 -6.68E-01 -5.34E-01
 -3.98E-01 -2.69E-01 -1.61E-01 -8.13E-02 -3.30E-02 -1.01E-02 -2.10E-03 -2.62E-04
 -1.67E-05 -4.44E-07 -3.69E-09 -6.55E-12 -1.74E-15 -4.89E-27  0.00E-01  0.00E-01
    270.00         Y       1.62910E-04
  6.42E-01  5.48E-01  5.18E-01  4.78E-01  4.31E-01  3.80E-01  3.22E-01  2.58E-01
  1.92E-01  1.31E-01  7.84E-02  3.99E-02  1.63E-02  5.03E-03  1.06E-03  1.35E-04
  8.85E-06  2.43E-07  2.10E-09  3.92E-12  1.11E-15  3.63E-27  0.00E-01  0.00E-01
    270.00         Z       -2916.5    
  1.99E-01  1.71E-01  1.62E-01  1.50E-01  1.36E-01  1.19E-01  1.01E-01  8.02E-02
  5.96E-02  4.01E-02  2.37E-02  1.19E-02  4.74E-03  1.41E-03  2.85E-04  3.39E-05
  2.02E-06  4.87E-08  3.48E-10  4.85E-13  8.24E-17 -1.82E-28  0.00E-01  0.00E-01
    280.00         X       1.50393E-04
 -1.11E+00 -9.47E-01 -8.96E-01 -8.26E-01 -7.46E-01 -6.57E-01 -5.55E-01 -4.44E-01
 -3.31E-01 -2.24E-01 -1.34E-01 -6.78E-02 -2.76E-02 -8.41E-03 -1.75E-03 -2.20E-04
 -1.41E-05 -3.76E-07 -3.13E-09 -5.60E-12 -1.50E-15 -4.32E-27  0.00E-01  0.00E-01
    280.00         Y       1.52648E-04
  5.08E-01  4.34E-01  4.10E-01  3.78E-01  3.42E-01  3.01E-01  2.55E-01  2.04E-01
  1.53E-01  1.04E-01  6.22E-02  3.17E-02  1.30E-02  4.00E-03  8.45E-04  1.08E-04
  7.06E-06  1.94E-07  1.68E-09  3.14E-12  8.89E-16  2.92E-27  0.00E-01  0.00E-01
    280.00         Z       -2740.1    
  2.11E-01  1.81E-01  1.71E-01  1.58E-01  1.43E-01  1.26E-01  1.06E-01  8.48E-02
  6.30E-02  4.25E-02  2.52E-02  1.26E-02  5.07E-03  1.52E-03  3.10E-04  3.74E-05
  2.28E-06  5.68E-08  4.29E-10  6.63E-13  1.41E-16  8.31E-29  0.00E-01  0.00E-01
    290.00         X       1.45833E-04
 -9.26E-01 -7.92E-01 -7.48E-01 -6.91E-01 -6.24E-01 -5.49E-01 -4.64E-01 -3.71E-01
 -2.77E-01 -1.88E-01 -1.12E-01 -5.68E-02 -2.31E-02 -7.06E-03 -1.47E-03 -1.85E-04
 -1.19E-05 -3.18E-07 -2.66E-09 -4.79E-12 -1.29E-15 -3.77E-27  0.00E-01  0.00E-01
    290.00         Y       1.43179E-04
  4.07E-01  3.47E-01  3.28E-01  3.03E-01  2.73E-01  2.41E-01  2.04E-01  1.63E-01
  1.22E-01  8.29E-02  4.98E-02  2.54E-02  1.04E-02  3.20E-03  6.78E-04  8.64E-05
  5.67E-06  1.56E-07  1.35E-09  2.53E-12  7.17E-16  2.36E-27  0.00E-01  0.00E-01
    290.00         Z       -2578.0    
  2.11E-01  1.81E-01  1.71E-01  1.59E-01  1.43E-01  1.26E-01  1.06E-01  8.49E-02
  6.32E-02  4.26E-02  2.53E-02  1.27E-02  5.13E-03  1.54E-03  3.16E-04  3.85E-05
  2.38E-06  6.06E-08  4.72E-10  7.67E-13  1.78E-16  2.68E-28  0.00E-01  0.00E-01
    300.00         X       1.41362E-04
 -7.79E-01 -6.65E-01 -6.29E-01 -5.80E-01 -5.24E-01 -4.62E-01 -3.90E-01 -3.12E-01
 -2.33E-01 -1.58E-01 -9.43E-02 -4.78E-02 -1.95E-02 -5.95E-03 -1.25E-03 -1.56E-04
 -1.01E-05 -2.70E-07 -2.27E-09 -4.10E-12 -1.11E-15 -3.28E-27  0.00E-01  0.00E-01
    300.00         Y       1.34429E-04
  3.28E-01  2.81E-01  2.65E-01  2.44E-01  2.21E-01  1.95E-01  1.65E-01  1.32E-01
  9.87E-02  6.70E-02  4.02E-02  2.05E-02  8.40E-03  2.59E-03  5.49E-04  6.99E-05
  4.59E-06  1.26E-07  1.09E-09  2.05E-12  5.81E-16  1.91E-27  0.00E-01  0.00E-01
    300.00         Z       -2428.6    
  2.05E-01  1.76E-01  1.66E-01  1.54E-01  1.39E-01  1.22E-01  1.03E-01  8.23E-02
  6.13E-02  4.14E-02  2.46E-02  1.24E-02  5.00E-03  1.51E-03  3.11E-04  3.82E-05
  2.38E-06  6.14E-08  4.88E-10  8.16E-13  1.99E-16  3.89E-28  0.00E-01  0.00E-01
    310.00         X       1.36990E-04
 -6.58E-01 -5.63E-01 -5.32E-01 -4.91E-01 -4.43E-01 -3.90E-01 -3.30E-01 -2.64E-01
 -1.97E-01 -1.33E-01 -7.98E-02 -4.05E-02 -1.65E-02 -5.04E-03 -1.06E-03 -1.33E-04
 -8.56E-06 -2.30E-07 -1.94E-09 -3.51E-12 -9.56E-16 -2.85E-27  0.00E-01  0.00E-01
    310.00         Y       1.26338E-04
  2.68E-01  2.29E-01  2.16E-01  1.99E-01  1.80E-01  1.59E-01  1.34E-01  1.08E-01
  8.05E-02  5.47E-02  3.28E-02  1.67E-02  6.86E-03  2.12E-03  4.48E-04  5.71E-05
  3.75E-06  1.03E-07  8.92E-10  1.67E-12  4.74E-16  1.56E-27  0.00E-01  0.00E-01
    310.00         Z       -2290.8    
  1.95E-01  1.67E-01  1.58E-01  1.46E-01  1.32E-01  1.16E-01  9.79E-02  7.82E-02
  5.82E-02  3.93E-02  2.34E-02  1.18E-02  4.78E-03  1.45E-03  2.99E-04  3.69E-05
  2.32E-06  6.02E-08  4.85E-10  8.28E-13  2.08E-16  4.61E-28  0.00E-01  0.00E-01
    320.00         X       1.32725E-04
 -5.60E-01 -4.78E-01 -4.52E-01 -4.17E-01 -3.77E-01 -3.32E-01 -2.81E-01 -2.25E-01
 -1.68E-01 -1.14E-01 -6.80E-02 -3.45E-02 -1.40E-02 -4.30E-03 -9.01E-04 -1.13E-04
 -7.32E-06 -1.97E-07 -1.66E-09 -3.02E-12 -8.24E-16 -2.47E-27  0.00E-01  0.00E-01
    320.00         Y       1.18830E-04
  2.21E-01  1.88E-01  1.78E-01  1.64E-01  1.48E-01  1.31E-01  1.11E-01  8.87E-02
  6.63E-02  4.50E-02  2.70E-02  1.38E-02  5.65E-03  1.74E-03  3.69E-04  4.70E-05
  3.09E-06  8.48E-08  7.34E-10  1.37E-12  3.89E-16  1.28E-27  0.00E-01  0.00E-01
    320.00         Z       -2163.4    
  1.82E-01  1.56E-01  1.48E-01  1.36E-01  1.23E-01  1.09E-01  9.17E-02  7.33E-02
  5.46E-02  3.69E-02  2.20E-02  1.11E-02  4.50E-03  1.36E-03  2.83E-04  3.50E-05
  2.21E-06  5.79E-08  4.71E-10  8.15E-13  2.08E-16  4.98E-28  0.00E-01  0.00E-01
    330.00         X       1.28571E-04
 -4.79E-01 -4.09E-01 -3.87E-01 -3.57E-01 -3.22E-01 -2.84E-01 -2.40E-01 -1.92E-01
 -1.43E-01 -9.72E-02 -5.82E-02 -2.95E-02 -1.20E-02 -3.68E-03 -7.73E-04 -9.73E-05
 -6.29E-06 -1.69E-07 -1.43E-09 -2.60E-12 -7.12E-16 -2.14E-27  0.00E-01  0.00E-01
    330.00         Y       1.11870E-04
  1.83E-01  1.57E-01  1.48E-01  1.37E-01  1.23E-01  1.09E-01  9.20E-02  7.37E-02
  5.51E-02  3.74E-02  2.25E-02  1.15E-02  4.69E-03  1.45E-03  3.06E-04  3.90E-05
  2.56E-06  7.04E-08  6.09E-10  1.14E-12  3.22E-16  1.05E-27  0.00E-01  0.00E-01
    330.00         Z       -2045.4    
  1.69E-01  1.45E-01  1.37E-01  1.27E-01  1.14E-01  1.01E-01  8.51E-02  6.80E-02
  5.07E-02  3.43E-02  2.05E-02  1.03E-02  4.19E-03  1.27E-03  2.64E-04  3.28E-05
  2.08E-06  5.48E-08  4.49E-10  7.85E-13  2.04E-16  5.11E-28  0.00E-01  0.00E-01
    340.00         X       1.24533E-04
 -4.12E-01 -3.52E-01 -3.33E-01 -3.07E-01 -2.77E-01 -2.44E-01 -2.07E-01 -1.65E-01
 -1.23E-01 -8.37E-02 -5.01E-02 -2.54E-02 -1.04E-02 -3.17E-03 -6.66E-04 -8.39E-05
 -5.42E-06 -1.46E-07 -1.24E-09 -2.25E-12 -6.17E-16 -1.86E-27  0.00E-01  0.00E-01
    340.00         Y       1.05404E-04
  1.54E-01  1.31E-01  1.24E-01  1.15E-01  1.03E-01  9.12E-02  7.72E-02  6.18E-02
  4.62E-02  3.14E-02  1.88E-02  9.60E-03  3.93E-03  1.21E-03  2.57E-04  3.27E-05
  2.15E-06  5.89E-08  5.09E-10  9.51E-13  2.69E-16  8.77E-28  0.00E-01  0.00E-01
    340.00         Z       -1936.0    
  1.56E-01  1.34E-01  1.27E-01  1.17E-01  1.06E-01  9.30E-02  7.86E-02  6.28E-02
  4.68E-02  3.17E-02  1.89E-02  9.56E-03  3.88E-03  1.18E-03  2.46E-04  3.06E-05
  1.95E-06  5.14E-08  4.24E-10  7.46E-13  1.95E-16  5.07E-28  0.00E-01  0.00E-01
    350.00         X       1.20612E-04
 -3.56E-01 -3.05E-01 -2.88E-01 -2.66E-01 -2.40E-01 -2.11E-01 -1.79E-01 -1.43E-01
 -1.07E-01 -7.24E-02 -4.33E-02 -2.20E-02 -8.97E-03 -2.75E-03 -5.77E-04 -7.27E-05
 -4.70E-06 -1.27E-07 -1.08E-09 -1.96E-12 -5.37E-16 -1.62E-27  0.00E-01  0.00E-01
    350.00         Y       9.93903E-05
  1.30E-01  1.11E-01  1.05E-01  9.68E-02  8.74E-02  7.71E-02  6.52E-02  5.23E-02
  3.91E-02  2.65E-02  1.59E-02  8.11E-03  3.32E-03  1.03E-03  2.17E-04  2.76E-05
  1.81E-06  4.97E-08  4.29E-10  8.01E-13  2.26E-16  7.35E-28  0.00E-01  0.00E-01
    350.00         Z       -1834.3    
  1.44E-01  1.23E-01  1.16E-01  1.08E-01  9.71E-02  8.55E-02  7.23E-02  5.78E-02
  4.31E-02  2.92E-02  1.74E-02  8.81E-03  3.58E-03  1.09E-03  2.27E-04  2.83E-05
  1.81E-06  4.79E-08  3.97E-10  7.02E-13  1.85E-16  4.93E-28  0.00E-01  0.00E-01
    360.00         X       1.16809E-04
 -3.10E-01 -2.65E-01 -2.50E-01 -2.31E-01 -2.09E-01 -1.84E-01 -1.56E-01 -1.25E-01
 -9.30E-02 -6.30E-02 -3.77E-02 -1.91E-02 -7.81E-03 -2.39E-03 -5.02E-04 -6.33E-05
 -4.10E-06 -1.11E-07 -9.38E-10 -1.71E-12 -4.70E-16 -1.42E-27  0.00E-01  0.00E-01
    360.00         Y       9.37909E-05
  1.11E-01  9.46E-02  8.94E-02  8.25E-02  7.45E-02  6.57E-02  5.56E-02  4.45E-02
  3.33E-02  2.26E-02  1.36E-02  6.91E-03  2.83E-03  8.73E-04  1.85E-04  2.35E-05
  1.54E-06  4.22E-08  3.64E-10  6.79E-13  1.91E-16  6.20E-28  0.00E-01  0.00E-01
    360.00         Z       -1739.7    
  1.32E-01  1.13E-01  1.07E-01  9.87E-02  8.91E-02  7.85E-02  6.64E-02  5.31E-02
  3.96E-02  2.68E-02  1.60E-02  8.10E-03  3.29E-03  1.00E-03  2.09E-04  2.61E-05
  1.67E-06  4.45E-08  3.69E-10  6.57E-13  1.74E-16  4.73E-28  0.00E-01  0.00E-01
    370.00         X       1.13125E-04
 -2.71E-01 -2.32E-01 -2.19E-01 -2.02E-01 -1.83E-01 -1.61E-01 -1.36E-01 -1.09E-01
 -8.13E-02 -5.51E-02 -3.30E-02 -1.67E-02 -6.83E-03 -2.09E-03 -4.40E-04 -5.54E-05
 -3.59E-06 -9.70E-08 -8.22E-10 -1.50E-12 -4.12E-16 -1.25E-27  0.00E-01  0.00E-01
    370.00         Y       8.85708E-05
  9.50E-02  8.12E-02  7.67E-02  7.08E-02  6.39E-02  5.64E-02  4.77E-02  3.82E-02
  2.86E-02  1.94E-02  1.16E-02  5.93E-03  2.43E-03  7.48E-04  1.58E-04  2.01E-05
  1.32E-06  3.61E-08  3.11E-10  5.80E-13  1.63E-16  5.27E-28  0.00E-01  0.00E-01
    370.00         Z       -1651.5    
  1.21E-01  1.04E-01  9.80E-02  9.05E-02  8.17E-02  7.20E-02  6.09E-02  4.87E-02
  3.63E-02  2.46E-02  1.47E-02  7.44E-03  3.02E-03  9.23E-04  1.93E-04  2.41E-05
  1.54E-06  4.11E-08  3.43E-10  6.12E-13  1.63E-16  4.49E-28  0.00E-01  0.00E-01
    380.00         X       1.09557E-04
 -2.38E-01 -2.04E-01 -1.92E-01 -1.78E-01 -1.60E-01 -1.41E-01 -1.20E-01 -9.56E-02
 -7.14E-02 -4.84E-02 -2.90E-02 -1.47E-02 -6.00E-03 -1.84E-03 -3.87E-04 -4.87E-05
 -3.16E-06 -8.53E-08 -7.24E-10 -1.32E-12 -3.63E-16 -1.10E-27  0.00E-01  0.00E-01
    380.00         Y       8.37087E-05
  8.21E-02  7.02E-02  6.63E-02  6.12E-02  5.52E-02  4.87E-02  4.12E-02  3.30E-02
  2.47E-02  1.68E-02  1.01E-02  5.12E-03  2.10E-03  6.46E-04  1.37E-04  1.74E-05
  1.14E-06  3.11E-08  2.68E-10  4.99E-13  1.40E-16  4.51E-28  0.00E-01  0.00E-01
    380.00         Z       -1569.2    
  1.11E-01  9.49E-02  8.98E-02  8.29E-02  7.49E-02  6.60E-02  5.58E-02  4.46E-02
  3.33E-02  2.25E-02  1.35E-02  6.82E-03  2.78E-03  8.48E-04  1.77E-04  2.22E-05
  1.42E-06  3.80E-08  3.17E-10  5.68E-13  1.52E-16  4.23E-28  0.00E-01  0.00E-01
    390.00         X       1.06107E-04
 -2.10E-01 -1.80E-01 -1.70E-01 -1.57E-01 -1.42E-01 -1.25E-01 -1.05E-01 -8.44E-02
 -6.30E-02 -4.27E-02 -2.56E-02 -1.30E-02 -5.30E-03 -1.63E-03 -3.41E-04 -4.31E-05
 -2.79E-06 -7.54E-08 -6.39E-10 -1.17E-12 -3.21E-16 -9.74E-28  0.00E-01  0.00E-01
    390.00         Y       7.91627E-05
  7.14E-02  6.10E-02  5.76E-02  5.32E-02  4.80E-02  4.23E-02  3.58E-02  2.87E-02
  2.15E-02  1.46E-02  8.74E-03  4.45E-03  1.82E-03  5.61E-04  1.19E-04  1.51E-05
  9.86E-07  2.70E-08  2.32E-10  4.31E-13  1.21E-16  3.89E-28  0.00E-01  0.00E-01
    390.00         Z       -1492.4    
  1.02E-01  8.71E-02  8.23E-02  7.60E-02  6.87E-02  6.05E-02  5.12E-02  4.09E-02
  3.05E-02  2.07E-02  1.24E-02  6.26E-03  2.55E-03  7.79E-04  1.63E-04  2.04E-05
  1.31E-06  3.50E-08  2.93E-10  5.26E-13  1.41E-16  3.97E-28  0.00E-01  0.00E-01
    400.00         X       1.02770E-04
 -1.86E-01 -1.59E-01 -1.51E-01 -1.39E-01 -1.25E-01 -1.11E-01 -9.35E-02 -7.48E-02
 -5.59E-02 -3.79E-02 -2.27E-02 -1.15E-02 -4.70E-03 -1.44E-03 -3.03E-04 -3.82E-05
 -2.47E-06 -6.69E-08 -5.67E-10 -1.04E-12 -2.85E-16 -8.65E-28  0.00E-01  0.00E-01
    400.00         Y       7.49196E-05
  6.24E-02  5.33E-02  5.04E-02  4.65E-02  4.20E-02  3.70E-02  3.13E-02  2.51E-02
  1.88E-02  1.27E-02  7.64E-03  3.89E-03  1.59E-03  4.90E-04  1.04E-04  1.32E-05
  8.60E-07  2.35E-08  2.02E-10  3.75E-13  1.05E-16  3.37E-28  0.00E-01  0.00E-01
    400.00         Z       -1420.5    
  9.34E-02  7.99E-02  7.56E-02  6.98E-02  6.30E-02  5.55E-02  4.70E-02  3.76E-02
  2.80E-02  1.90E-02  1.13E-02  5.75E-03  2.34E-03  7.16E-04  1.50E-04  1.88E-05
  1.21E-06  3.23E-08  2.71E-10  4.87E-13  1.31E-16  3.72E-28  0.00E-01  0.00E-01
    410.00         X       9.95457E-05
 -1.66E-01 -1.42E-01 -1.34E-01 -1.24E-01 -1.12E-01 -9.84E-02 -8.32E-02 -6.66E-02
 -4.98E-02 -3.37E-02 -2.02E-02 -1.03E-02 -4.18E-03 -1.28E-03 -2.70E-04 -3.40E-05
 -2.20E-06 -5.96E-08 -5.06E-10 -9.24E-13 -2.54E-16 -7.71E-28  0.00E-01  0.00E-01
    410.00         Y       7.09452E-05
  5.49E-02  4.69E-02  4.43E-02  4.09E-02  3.69E-02  3.26E-02  2.76E-02  2.21E-02
  1.65E-02  1.12E-02  6.72E-03  3.42E-03  1.40E-03  4.31E-04  9.09E-05  1.15E-05
  7.55E-07  2.06E-08  1.77E-10  3.29E-13  9.21E-17  2.94E-28  0.00E-01  0.00E-01
    410.00         Z       -1353.1    
  8.58E-02  7.34E-02  6.94E-02  6.41E-02  5.79E-02  5.10E-02  4.31E-02  3.45E-02
  2.57E-02  1.74E-02  1.04E-02  5.29E-03  2.15E-03  6.58E-04  1.38E-04  1.73E-05
  1.11E-06  2.98E-08  2.50E-10  4.51E-13  1.22E-16  3.47E-28  0.00E-01  0.00E-01
    420.00         X       9.64312E-05
 -1.48E-01 -1.27E-01 -1.20E-01 -1.10E-01 -9.98E-02 -8.79E-02 -7.44E-02 -5.95E-02
 -4.45E-02 -3.01E-02 -1.81E-02 -9.17E-03 -3.74E-03 -1.15E-03 -2.41E-04 -3.04E-05
 -1.97E-06 -5.33E-08 -4.52E-10 -8.26E-13 -2.27E-16 -6.89E-28  0.00E-01  0.00E-01
    420.00         Y       6.72274E-05
  4.85E-02  4.15E-02  3.92E-02  3.61E-02  3.26E-02  2.88E-02  2.44E-02  1.95E-02
  1.46E-02  9.90E-03  5.93E-03  3.02E-03  1.24E-03  3.80E-04  8.03E-05  1.02E-05
  6.66E-07  1.82E-08  1.56E-10  2.89E-13  8.09E-17  2.58E-28  0.00E-01  0.00E-01
    420.00         Z       -1290.0    
  7.89E-02  6.75E-02  6.38E-02  5.89E-02  5.32E-02  4.69E-02  3.97E-02  3.17E-02
  2.37E-02  1.60E-02  9.59E-03  4.87E-03  1.98E-03  6.06E-04  1.27E-04  1.59E-05
  1.03E-06  2.75E-08  2.31E-10  4.17E-13  1.13E-16  3.23E-28  0.00E-01  0.00E-01
    430.00         X       9.34235E-05
 -1.33E-01 -1.14E-01 -1.07E-01 -9.91E-02 -8.95E-02 -7.89E-02 -6.67E-02 -5.34E-02
 -3.99E-02 -2.70E-02 -1.62E-02 -8.22E-03 -3.36E-03 -1.03E-03 -2.16E-04 -2.73E-05
 -1.77E-06 -4.78E-08 -4.06E-10 -7.41E-13 -2.04E-16 -6.18E-28  0.00E-01  0.00E-01
    430.00         Y       6.37470E-05
  4.31E-02  3.68E-02  3.48E-02  3.21E-02  2.90E-02  2.56E-02  2.16E-02  1.73E-02
  1.29E-02  8.78E-03  5.27E-03  2.68E-03  1.10E-03  3.37E-04  7.12E-05  9.04E-06
  5.90E-07  1.61E-08  1.38E-10  2.56E-13  7.15E-17  2.27E-28  0.00E-01  0.00E-01
    430.00         Z       -1230.8    
  7.26E-02  6.21E-02  5.87E-02  5.42E-02  4.90E-02  4.32E-02  3.65E-02  2.92E-02
  2.18E-02  1.48E-02  8.84E-03  4.48E-03  1.83E-03  5.59E-04  1.17E-04  1.47E-05
  9.47E-07  2.54E-08  2.14E-10  3.86E-13  1.05E-16  3.01E-28  0.00E-01  0.00E-01
    440.00         X       9.05205E-05
 -1.20E-01 -1.02E-01 -9.67E-02 -8.92E-02 -8.06E-02 -7.10E-02 -6.01E-02 -4.81E-02
 -3.59E-02 -2.43E-02 -1.46E-02 -7.40E-03 -3.02E-03 -9.26E-04 -1.95E-04 -2.46E-05
 -1.59E-06 -4.30E-08 -3.65E-10 -6.67E-13 -1.84E-16 -5.57E-28  0.00E-01  0.00E-01
    440.00         Y       6.04778E-05
  3.84E-02  3.28E-02  3.10E-02  2.86E-02  2.59E-02  2.28E-02  1.93E-02  1.54E-02
  1.15E-02  7.83E-03  4.70E-03  2.39E-03  9.78E-04  3.01E-04  6.35E-05  8.05E-06
  5.25E-07  1.43E-08  1.23E-10  2.27E-13  6.35E-17  2.01E-28  0.00E-01  0.00E-01
    440.00         Z       -1175.1    
  6.69E-02  5.73E-02  5.42E-02  5.00E-02  4.52E-02  3.98E-02  3.37E-02  2.69E-02
  2.01E-02  1.36E-02  8.15E-03  4.13E-03  1.68E-03  5.15E-04  1.08E-04  1.36E-05
  8.75E-07  2.35E-08  1.98E-10  3.58E-13  9.71E-17  2.80E-28  0.00E-01  0.00E-01
    450.00         X       8.77185E-05
 -1.08E-01 -9.23E-02 -8.73E-02 -8.06E-02 -7.28E-02 -6.41E-02 -5.42E-02 -4.34E-02
 -3.24E-02 -2.20E-02 -1.32E-02 -6.68E-03 -2.73E-03 -8.37E-04 -1.76E-04 -2.22E-05
 -1.44E-06 -3.89E-08 -3.30E-10 -6.03E-13 -1.66E-16 -5.03E-28  0.00E-01  0.00E-01
    450.00         Y       5.74164E-05
  3.44E-02  2.94E-02  2.78E-02  2.56E-02  2.32E-02  2.04E-02  1.73E-02  1.38E-02
  1.03E-02  7.01E-03  4.21E-03  2.14E-03  8.75E-04  2.69E-04  5.68E-05  7.20E-06
  4.70E-07  1.28E-08  1.10E-10  2.03E-13  5.66E-17  1.79E-28  0.00E-01  0.00E-01
    450.00         Z       -1122.8    
  6.18E-02  5.29E-02  5.00E-02  4.62E-02  4.17E-02  3.68E-02  3.11E-02  2.49E-02
  1.86E-02  1.26E-02  7.53E-03  3.82E-03  1.56E-03  4.76E-04  9.98E-05  1.25E-05
  8.09E-07  2.18E-08  1.83E-10  3.32E-13  9.02E-17  2.61E-28  0.00E-01  0.00E-01
    460.00         X       8.50151E-05
 -9.78E-02 -8.36E-02 -7.91E-02 -7.30E-02 -6.59E-02 -5.81E-02 -4.91E-02 -3.93E-02
 -2.94E-02 -1.99E-02 -1.19E-02 -6.06E-03 -2.47E-03 -7.58E-04 -1.59E-04 -2.01E-05
 -1.30E-06 -3.52E-08 -2.99E-10 -5.46E-13 -1.50E-16 -4.55E-28  0.00E-01  0.00E-01
    460.00         Y       5.45368E-05
  3.09E-02  2.64E-02  2.50E-02  2.31E-02  2.08E-02  1.83E-02  1.55E-02  1.24E-02
  9.29E-03  6.31E-03  3.78E-03  1.92E-03  7.86E-04  2.42E-04  5.10E-05  6.46E-06
  4.21E-07  1.15E-08  9.83E-11  1.82E-13  5.07E-17  1.59E-28  0.00E-01  0.00E-01
    460.00         Z       -1073.5    
  5.72E-02  4.89E-02  4.62E-02  4.27E-02  3.86E-02  3.40E-02  2.87E-02  2.30E-02
  1.72E-02  1.16E-02  6.96E-03  3.53E-03  1.44E-03  4.41E-04  9.24E-05  1.16E-05
  7.50E-07  2.02E-08  1.70E-10  3.08E-13  8.38E-17  2.43E-28  0.00E-01  0.00E-01
    470.00         X       8.24067E-05
 -8.89E-02 -7.60E-02 -7.18E-02 -6.63E-02 -5.99E-02 -5.28E-02 -4.46E-02 -3.57E-02
 -2.67E-02 -1.81E-02 -1.08E-02 -5.50E-03 -2.25E-03 -6.89E-04 -1.45E-04 -1.83E-05
 -1.18E-06 -3.20E-08 -2.72E-10 -4.96E-13 -1.37E-16 -4.14E-28  0.00E-01  0.00E-01
    470.00         Y       5.18357E-05
  2.79E-02  2.38E-02  2.25E-02  2.08E-02  1.88E-02  1.66E-02  1.40E-02  1.12E-02
  8.38E-03  5.69E-03  3.41E-03  1.73E-03  7.09E-04  2.18E-04  4.60E-05  5.83E-06
  3.80E-07  1.03E-08  8.85E-11  1.63E-13  4.55E-17  1.43E-28  0.00E-01  0.00E-01
    470.00         Z       -1027.1    
  5.29E-02  4.53E-02  4.28E-02  3.95E-02  3.57E-02  3.15E-02  2.66E-02  2.13E-02
  1.59E-02  1.08E-02  6.45E-03  3.27E-03  1.33E-03  4.08E-04  8.56E-05  1.08E-05
  6.95E-07  1.87E-08  1.58E-10  2.86E-13  7.79E-17  2.27E-28  0.00E-01  0.00E-01
    480.00         X       7.98906E-05
 -8.10E-02 -6.92E-02 -6.55E-02 -6.04E-02 -5.46E-02 -4.81E-02 -4.07E-02 -3.26E-02
 -2.43E-02 -1.65E-02 -9.87E-03 -5.01E-03 -2.05E-03 -6.27E-04 -1.32E-04 -1.66E-05
 -1.08E-06 -2.92E-08 -2.47E-10 -4.52E-13 -1.24E-16 -3.77E-28  0.00E-01  0.00E-01
    480.00         Y       4.92958E-05
  2.53E-02  2.16E-02  2.04E-02  1.88E-02  1.70E-02  1.50E-02  1.27E-02  1.02E-02
  7.59E-03  5.15E-03  3.09E-03  1.57E-03  6.42E-04  1.97E-04  4.16E-05  5.27E-06
  3.43E-07  9.35E-09  7.99E-11  1.48E-13  4.11E-17  1.29E-28  0.00E-01  0.00E-01
    480.00         Z       -983.30    
  4.91E-02  4.20E-02  3.97E-02  3.67E-02  3.31E-02  2.92E-02  2.47E-02  1.98E-02
  1.48E-02  1.00E-02  5.98E-03  3.04E-03  1.24E-03  3.79E-04  7.95E-05  1.00E-05
  6.46E-07  1.74E-08  1.47E-10  2.66E-13  7.25E-17  2.12E-28  0.00E-01  0.00E-01
    490.00         X       7.74639E-05
 -7.40E-02 -6.32E-02 -5.98E-02 -5.52E-02 -4.98E-02 -4.39E-02 -3.72E-02 -2.97E-02
 -2.22E-02 -1.51E-02 -9.02E-03 -4.58E-03 -1.87E-03 -5.73E-04 -1.20E-04 -1.52E-05
 -9.85E-07 -2.66E-08 -2.26E-10 -4.13E-13 -1.14E-16 -3.44E-28  0.00E-01  0.00E-01
    490.00         Y       4.68989E-05
  2.29E-02  1.96E-02  1.85E-02  1.71E-02  1.54E-02  1.36E-02  1.15E-02  9.22E-03
  6.89E-03  4.68E-03  2.80E-03  1.43E-03  5.83E-04  1.79E-04  3.77E-05  4.78E-06
  3.11E-07  8.47E-09  7.24E-11  1.34E-13  3.72E-17  1.16E-28  0.00E-01  0.00E-01
    490.00         Z       -941.96    
  4.56E-02  3.90E-02  3.69E-02  3.41E-02  3.08E-02  2.71E-02  2.29E-02  1.84E-02
  1.37E-02  9.29E-03  5.56E-03  2.82E-03  1.15E-03  3.52E-04  7.39E-05  9.30E-06
  6.01E-07  1.62E-08  1.37E-10  2.48E-13  6.76E-17  1.98E-28  0.00E-01  0.00E-01
    500.00         X       7.51230E-05
 -6.78E-02 -5.79E-02 -5.48E-02 -5.05E-02 -4.57E-02 -4.02E-02 -3.40E-02 -2.72E-02
 -2.03E-02 -1.38E-02 -8.26E-03 -4.19E-03 -1.71E-03 -5.25E-04 -1.10E-04 -1.39E-05
 -9.02E-07 -2.44E-08 -2.07E-10 -3.78E-13 -1.04E-16 -3.15E-28  0.00E-01  0.00E-01
    500.00         Y       4.46505E-05
  2.09E-02  1.79E-02  1.69E-02  1.56E-02  1.41E-02  1.24E-02  1.05E-02  8.40E-03
  6.28E-03  4.26E-03  2.55E-03  1.30E-03  5.31E-04  1.63E-04  3.44E-05  4.35E-06
  2.83E-07  7.71E-09  6.59E-11  1.21E-13  3.37E-17  1.05E-28  0.00E-01  0.00E-01
    500.00         Z       -902.92    
  4.24E-02  3.63E-02  3.43E-02  3.17E-02  2.86E-02  2.52E-02  2.13E-02  1.71E-02
  1.27E-02  8.64E-03  5.17E-03  2.62E-03  1.07E-03  3.28E-04  6.87E-05  8.65E-06
  5.59E-07  1.51E-08  1.27E-10  2.31E-13  6.30E-17  1.85E-28  0.00E-01  0.00E-01
    510.00         X       7.28652E-05
 -6.22E-02 -5.32E-02 -5.03E-02 -4.64E-02 -4.19E-02 -3.69E-02 -3.12E-02 -2.50E-02
 -1.87E-02 -1.27E-02 -7.58E-03 -3.85E-03 -1.57E-03 -4.82E-04 -1.01E-04 -1.28E-05
 -8.28E-07 -2.24E-08 -1.90E-10 -3.47E-13 -9.55E-17 -2.89E-28  0.00E-01  0.00E-01
    510.00         Y       4.25335E-05
  1.91E-02  1.63E-02  1.54E-02  1.42E-02  1.29E-02  1.13E-02  9.59E-03  7.68E-03
  5.74E-03  3.89E-03  2.33E-03  1.19E-03  4.85E-04  1.49E-04  3.14E-05  3.97E-06
  2.59E-07  7.03E-09  6.00E-11  1.11E-13  3.07E-17  9.57E-29  0.00E-01  0.00E-01
    510.00         Z       -866.00    
  3.95E-02  3.38E-02  3.20E-02  2.95E-02  2.67E-02  2.35E-02  1.99E-02  1.59E-02
  1.19E-02  8.05E-03  4.82E-03  2.44E-03  9.97E-04  3.05E-04  6.41E-05  8.07E-06
  5.21E-07  1.41E-08  1.19E-10  2.16E-13  5.89E-17  1.73E-28  0.00E-01  0.00E-01
    520.00         X       7.06879E-05
 -5.72E-02 -4.89E-02 -4.63E-02 -4.27E-02 -3.86E-02 -3.40E-02 -2.88E-02 -2.30E-02
 -1.72E-02 -1.17E-02 -6.98E-03 -3.54E-03 -1.45E-03 -4.44E-04 -9.32E-05 -1.18E-05
 -7.62E-07 -2.06E-08 -1.75E-10 -3.20E-13 -8.79E-17 -2.66E-28  0.00E-01  0.00E-01
    520.00         Y       4.05301E-05
  1.75E-02  1.49E-02  1.41E-02  1.30E-02  1.18E-02  1.04E-02  8.78E-03  7.03E-03
  5.25E-03  3.56E-03  2.14E-03  1.09E-03  4.44E-04  1.36E-04  2.87E-05  3.64E-06
  2.37E-07  6.43E-09  5.49E-11  1.01E-13  2.81E-17  8.73E-29  0.00E-01  0.00E-01
    520.00         Z       -831.06    
  3.69E-02  3.15E-02  2.98E-02  2.75E-02  2.49E-02  2.19E-02  1.85E-02  1.48E-02
  1.11E-02  7.51E-03  4.49E-03  2.28E-03  9.30E-04  2.85E-04  5.98E-05  7.53E-06
  4.87E-07  1.31E-08  1.11E-10  2.02E-13  5.50E-17  1.62E-28  0.00E-01  0.00E-01
    530.00         X       6.85873E-05
 -5.28E-02 -4.51E-02 -4.27E-02 -3.94E-02 -3.56E-02 -3.13E-02 -2.65E-02 -2.12E-02
 -1.58E-02 -1.07E-02 -6.43E-03 -3.27E-03 -1.33E-03 -4.09E-04 -8.59E-05 -1.08E-05
 -7.03E-07 -1.90E-08 -1.61E-10 -2.95E-13 -8.10E-17 -2.45E-28  0.00E-01  0.00E-01
    530.00         Y       3.86536E-05
  1.61E-02  1.37E-02  1.30E-02  1.20E-02  1.08E-02  9.53E-03  8.06E-03  6.46E-03
  4.82E-03  3.27E-03  1.96E-03  9.97E-04  4.07E-04  1.25E-04  2.64E-05  3.34E-06
  2.17E-07  5.90E-09  5.03E-11  9.26E-14  2.57E-17  7.98E-29  0.00E-01  0.00E-01
    530.00         Z       -797.98    
  3.44E-02  2.94E-02  2.78E-02  2.57E-02  2.32E-02  2.05E-02  1.73E-02  1.39E-02
  1.03E-02  7.01E-03  4.20E-03  2.13E-03  8.69E-04  2.66E-04  5.59E-05  7.04E-06
  4.55E-07  1.23E-08  1.04E-10  1.89E-13  5.15E-17  1.51E-28  0.00E-01  0.00E-01
    540.00         X       6.65621E-05
 -4.88E-02 -4.17E-02 -3.94E-02 -3.64E-02 -3.29E-02 -2.90E-02 -2.45E-02 -1.96E-02
 -1.46E-02 -9.93E-03 -5.95E-03 -3.02E-03 -1.23E-03 -3.78E-04 -7.94E-05 -1.00E-05
 -6.49E-07 -1.76E-08 -1.49E-10 -2.72E-13 -7.49E-17 -2.26E-28  0.00E-01  0.00E-01
    540.00         Y       3.68645E-05
  1.48E-02  1.26E-02  1.19E-02  1.10E-02  9.95E-03  8.77E-03  7.42E-03  5.94E-03
  4.44E-03  3.01E-03  1.80E-03  9.18E-04  3.75E-04  1.15E-04  2.43E-05  3.07E-06
  2.00E-07  5.42E-09  4.63E-11  8.51E-14  2.36E-17  7.31E-29  0.00E-01  0.00E-01
    540.00         Z       -766.63    
  3.22E-02  2.75E-02  2.60E-02  2.40E-02  2.17E-02  1.91E-02  1.62E-02  1.30E-02
  9.68E-03  6.56E-03  3.93E-03  1.99E-03  8.13E-04  2.49E-04  5.23E-05  6.58E-06
  4.26E-07  1.15E-08  9.71E-11  1.77E-13  4.83E-17  1.42E-28  0.00E-01  0.00E-01
    550.00         X       6.46082E-05
 -4.51E-02 -3.86E-02 -3.65E-02 -3.37E-02 -3.04E-02 -2.68E-02 -2.27E-02 -1.82E-02
 -1.36E-02 -9.19E-03 -5.50E-03 -2.80E-03 -1.14E-03 -3.50E-04 -7.35E-05 -9.28E-06
 -6.01E-07 -1.63E-08 -1.38E-10 -2.52E-13 -6.93E-17 -2.09E-28  0.00E-01  0.00E-01
    550.00         Y       3.51839E-05
  1.36E-02  1.17E-02  1.10E-02  1.02E-02  9.18E-03  8.09E-03  6.85E-03  5.48E-03
  4.10E-03  2.78E-03  1.66E-03  8.46E-04  3.46E-04  1.06E-04  2.24E-05  2.83E-06
  1.84E-07  5.00E-09  4.26E-11  7.84E-14  2.17E-17  6.72E-29  0.00E-01  0.00E-01
    550.00         Z       -736.89    
  3.01E-02  2.58E-02  2.44E-02  2.25E-02  2.03E-02  1.79E-02  1.52E-02  1.21E-02
  9.06E-03  6.14E-03  3.68E-03  1.87E-03  7.61E-04  2.33E-04  4.90E-05  6.17E-06
  3.99E-07  1.08E-08  9.11E-11  1.66E-13  4.53E-17  1.33E-28  0.00E-01  0.00E-01
    560.00         X       6.27230E-05
 -4.19E-02 -3.58E-02 -3.39E-02 -3.12E-02 -2.82E-02 -2.49E-02 -2.10E-02 -1.68E-02
 -1.26E-02 -8.53E-03 -5.11E-03 -2.59E-03 -1.06E-03 -3.25E-04 -6.82E-05 -8.60E-06
 -5.58E-07 -1.51E-08 -1.28E-10 -2.34E-13 -6.43E-17 -1.94E-28  0.00E-01  0.00E-01
    560.00         Y       3.36042E-05
  1.26E-02  1.08E-02  1.02E-02  9.40E-03  8.49E-03  7.48E-03  6.33E-03  5.07E-03
  3.79E-03  2.57E-03  1.54E-03  7.82E-04  3.20E-04  9.82E-05  2.07E-05  2.61E-06
  1.70E-07  4.61E-09  3.93E-11  7.23E-14  2.00E-17  6.19E-29  0.00E-01  0.00E-01
    560.00         Z       -708.68    
  2.83E-02  2.42E-02  2.29E-02  2.11E-02  1.91E-02  1.68E-02  1.42E-02  1.14E-02
  8.50E-03  5.76E-03  3.45E-03  1.75E-03  7.14E-04  2.19E-04  4.59E-05  5.79E-06
  3.74E-07  1.01E-08  8.55E-11  1.56E-13  4.25E-17  1.25E-28  0.00E-01  0.00E-01
    570.00         X       6.09044E-05
 -3.89E-02 -3.33E-02 -3.15E-02 -2.90E-02 -2.62E-02 -2.31E-02 -1.95E-02 -1.56E-02
 -1.17E-02 -7.92E-03 -4.74E-03 -2.41E-03 -9.83E-04 -3.02E-04 -6.34E-05 -8.00E-06
 -5.18E-07 -1.40E-08 -1.19E-10 -2.17E-13 -5.97E-17 -1.80E-28  0.00E-01  0.00E-01
    570.00         Y       3.21067E-05
  1.17E-02  9.98E-03  9.44E-03  8.71E-03  7.87E-03  6.93E-03  5.87E-03  4.70E-03
  3.51E-03  2.38E-03  1.43E-03  7.25E-04  2.96E-04  9.09E-05  1.91E-05  2.42E-06
  1.57E-07  4.27E-09  3.64E-11  6.69E-14  1.85E-17  5.71E-29  0.00E-01  0.00E-01
    570.00         Z       -681.89    
  2.65E-02  2.27E-02  2.15E-02  1.98E-02  1.79E-02  1.58E-02  1.34E-02  1.07E-02
  7.98E-03  5.41E-03  3.24E-03  1.64E-03  6.70E-04  2.05E-04  4.31E-05  5.44E-06
  3.52E-07  9.49E-09  8.03E-11  1.46E-13  4.00E-17  1.18E-28  0.00E-01  0.00E-01
    580.00         X       5.91505E-05
 -3.62E-02 -3.10E-02 -2.93E-02 -2.70E-02 -2.44E-02 -2.15E-02 -1.82E-02 -1.46E-02
 -1.09E-02 -7.37E-03 -4.42E-03 -2.24E-03 -9.15E-04 -2.81E-04 -5.90E-05 -7.44E-06
 -4.82E-07 -1.30E-08 -1.11E-10 -2.02E-13 -5.56E-17 -1.68E-28  0.00E-01  0.00E-01
    580.00         Y       3.06753E-05
  1.08E-02  9.27E-03  8.76E-03  8.08E-03  7.30E-03  6.43E-03  5.44E-03  4.36E-03
  3.26E-03  2.21E-03  1.32E-03  6.72E-04  2.75E-04  8.44E-05  1.78E-05  2.25E-06
  1.46E-07  3.96E-09  3.37E-11  6.20E-14  1.72E-17  5.29E-29  0.00E-01  0.00E-01
    580.00         Z       -656.42    
  2.49E-02  2.13E-02  2.02E-02  1.86E-02  1.68E-02  1.48E-02  1.25E-02  1.00E-02
  7.50E-03  5.08E-03  3.04E-03  1.55E-03  6.30E-04  1.93E-04  4.06E-05  5.11E-06
  3.31E-07  8.93E-09  7.56E-11  1.38E-13  3.76E-17  1.11E-28  0.00E-01  0.00E-01
    590.00         X       5.74573E-05
 -3.38E-02 -2.89E-02 -2.73E-02 -2.52E-02 -2.28E-02 -2.01E-02 -1.70E-02 -1.36E-02
 -1.01E-02 -6.88E-03 -4.12E-03 -2.09E-03 -8.53E-04 -2.62E-04 -5.50E-05 -6.94E-06
 -4.50E-07 -1.22E-08 -1.03E-10 -1.89E-13 -5.18E-17 -1.56E-28  0.00E-01  0.00E-01
    590.00         Y       2.93406E-05
  1.01E-02  8.62E-03  8.14E-03  7.52E-03  6.79E-03  5.98E-03  5.06E-03  4.05E-03
  3.03E-03  2.05E-03  1.23E-03  6.25E-04  2.55E-04  7.84E-05  1.65E-05  2.09E-06
  1.36E-07  3.68E-09  3.13E-11  5.76E-14  1.59E-17  4.90E-29  0.00E-01  0.00E-01
    590.00         Z       -632.21    
  2.35E-02  2.01E-02  1.90E-02  1.75E-02  1.58E-02  1.40E-02  1.18E-02  9.45E-03
  7.06E-03  4.78E-03  2.86E-03  1.45E-03  5.93E-04  1.82E-04  3.82E-05  4.81E-06
  3.11E-07  8.41E-09  7.11E-11  1.30E-13  3.55E-17  1.05E-28  0.00E-01  0.00E-01
    600.00         X       5.58232E-05
 -3.15E-02 -2.70E-02 -2.55E-02 -2.35E-02 -2.13E-02 -1.87E-02 -1.58E-02 -1.27E-02
 -9.47E-03 -6.42E-03 -3.85E-03 -1.95E-03 -7.97E-04 -2.44E-04 -5.14E-05 -6.48E-06
 -4.20E-07 -1.14E-08 -9.63E-11 -1.76E-13 -4.84E-17 -1.46E-28  0.00E-01  0.00E-01
    600.00         Y       2.80780E-05
  9.39E-03  8.03E-03  7.59E-03  7.00E-03  6.32E-03  5.57E-03  4.72E-03  3.78E-03
  2.82E-03  1.91E-03  1.15E-03  5.82E-04  2.38E-04  7.30E-05  1.54E-05  1.94E-06
  1.26E-07  3.42E-09  2.92E-11  5.35E-14  1.48E-17  4.55E-29  0.00E-01  0.00E-01
    600.00         Z       -609.17    
  2.21E-02  1.89E-02  1.79E-02  1.65E-02  1.49E-02  1.31E-02  1.11E-02  8.90E-03
  6.65E-03  4.51E-03  2.70E-03  1.37E-03  5.59E-04  1.71E-04  3.60E-05  4.53E-06
  2.93E-07  7.92E-09  6.71E-11  1.22E-13  3.34E-17  9.88E-29  0.00E-01  0.00E-01
