Data type: xyz; UNIT: metre
           1        0.0000000        0.0000000        0.0000000
           2        2.5000000        0.0000000        0.0000000
           3        5.0000000        0.0000000        0.0000000
           4        7.5000000        0.0000000        0.0000000
           5       10.0000000        0.0000000        0.0000000
           6       12.5000000        0.0000000        0.0000000
           7       15.0000000        0.0000000        0.0000000
           8       17.5000000        0.0000000        0.0000000
           9       20.0000000        0.0000000        0.0000000
          10       22.5000000        0.0000000        0.0000000
          11       25.0000000        0.0000000        0.0000000
          12       27.5000000        0.0000000        0.0000000
          13       30.0000000        0.0000000        0.0000000
          14       32.5000000        0.0000000        0.0000000
          15       35.0000000        0.0000000        0.0000000
          16       37.5000000        0.0000000        0.0000000
          17       40.0000000        0.0000000        0.0000000
          18       42.5000000        0.0000000        0.0000000
          19       45.0000000        0.0000000        0.0000000
          20       47.5000000        0.0000000        0.0000000
          21       50.0000000        0.0000000        0.0000000
          22       52.5000000        0.0000000        0.0000000
          23       55.0000000        0.0000000        0.0000000
          24       57.5000000        0.0000000        0.0000000
          25       60.0000000        0.0000000        0.0000000
          26       62.5000000        0.0000000        0.0000000
          27       65.0000000        0.0000000        0.0000000
          28       67.5000000        0.0000000        0.0000000
          29       70.0000000        0.0000000        0.0000000
          30       72.5000000        0.0000000        0.0000000
          31       75.0000000        0.0000000        0.0000000
          32       77.5000000        0.0000000        0.0000000
          33       80.0000000        0.0000000        0.0000000
          34       82.5000000        0.0000000        0.0000000
          35       85.0000000        0.0000000        0.0000000
          36       87.5000000        0.0000000        0.0000000
          37       90.0000000        0.0000000        0.0000000
          38       92.5000000        0.0000000        0.0000000
          39       95.0000000        0.0000000        0.0000000
          40       97.5000000        0.0000000        0.0000000
          41      100.0000000        0.0000000        0.0000000
          42      102.5000000        0.0000000        0.0000000
          43      105.0000000        0.0000000        0.0000000
          44      107.5000000        0.0000000        0.0000000
          45      110.0000000        0.0000000        0.0000000
          46      112.5000000        0.0000000        0.0000000
          47      115.0000000        0.0000000        0.0000000
          48      117.5000000        0.0000000        0.0000000
          49      120.0000000        0.0000000        0.0000000
          50      122.5000000        0.0000000        0.0000000
          51      125.0000000        0.0000000        0.0000000
          52      127.5000000        0.0000000        0.0000000
          53      130.0000000        0.0000000        0.0000000
          54      132.5000000        0.0000000        0.0000000
          55      135.0000000        0.0000000        0.0000000
          56      137.5000000        0.0000000        0.0000000
          57      140.0000000        0.0000000        0.0000000
          58      142.5000000        0.0000000        0.0000000
          59      145.0000000        0.0000000        0.0000000
          60      147.5000000        0.0000000        0.0000000
          61      150.0000000        0.0000000        0.0000000
          62      152.5000000        0.0000000        0.0000000
          63      155.0000000        0.0000000        0.0000000
          64      157.5000000        0.0000000        0.0000000
          65      160.0000000        0.0000000        0.0000000
          66      162.5000000        0.0000000        0.0000000
          67      165.0000000        0.0000000        0.0000000
          68      167.5000000        0.0000000        0.0000000
          69      170.0000000        0.0000000        0.0000000
          70      172.5000000        0.0000000        0.0000000
          71      175.0000000        0.0000000        0.0000000
          72      177.5000000        0.0000000        0.0000000
          73      180.0000000        0.0000000        0.0000000
          74      182.5000000        0.0000000        0.0000000
          75      185.0000000        0.0000000        0.0000000
          76      187.5000000        0.0000000        0.0000000
          77      190.0000000        0.0000000        0.0000000
          78      192.5000000        0.0000000        0.0000000
          79      195.0000000        0.0000000        0.0000000
          80      197.5000000        0.0000000        0.0000000
          81      200.0000000        0.0000000        0.0000000
          82      202.5000000        0.0000000        0.0000000
          83      205.0000000        0.0000000        0.0000000
          84      207.5000000        0.0000000        0.0000000
          85      210.0000000        0.0000000        0.0000000
          86      212.5000000        0.0000000        0.0000000
          87      215.0000000        0.0000000        0.0000000
          88      217.5000000        0.0000000        0.0000000
          89      220.0000000        0.0000000        0.0000000
          90      222.5000000        0.0000000        0.0000000
          91      225.0000000        0.0000000        0.0000000
          92      227.5000000        0.0000000        0.0000000
          93      230.0000000        0.0000000        0.0000000
          94      232.5000000        0.0000000        0.0000000
          95      235.0000000        0.0000000        0.0000000
          96      237.5000000        0.0000000        0.0000000
          97      240.0000000        0.0000000        0.0000000
          98      242.5000000        0.0000000        0.0000000
          99      245.0000000        0.0000000        0.0000000
         100      247.5000000        0.0000000        0.0000000
         101      250.0000000        0.0000000        0.0000000
         102      252.5000000        0.0000000        0.0000000
         103      255.0000000        0.0000000        0.0000000
         104      257.5000000        0.0000000        0.0000000
         105      260.0000000        0.0000000        0.0000000
         106      262.5000000        0.0000000        0.0000000
         107      265.0000000        0.0000000        0.0000000
         108      267.5000000        0.0000000        0.0000000
         109      270.0000000        0.0000000        0.0000000
         110      272.5000000        0.0000000        0.0000000
         111      275.0000000        0.0000000        0.0000000
         112      277.5000000        0.0000000        0.0000000
         113      280.0000000        0.0000000        0.0000000
         114      282.5000000        0.0000000        0.0000000
         115      285.0000000        0.0000000        0.0000000
         116      287.5000000        0.0000000        0.0000000
         117      290.0000000        0.0000000        0.0000000
         118      292.5000000        0.0000000        0.0000000
         119      295.0000000        0.0000000        0.0000000
         120      297.5000000        0.0000000        0.0000000
         121      300.0000000        0.0000000        0.0000000
         122      302.5000000        0.0000000        0.0000000
         123      305.0000000        0.0000000        0.0000000
         124      307.5000000        0.0000000        0.0000000
         125      310.0000000        0.0000000        0.0000000
         126      312.5000000        0.0000000        0.0000000
         127      315.0000000        0.0000000        0.0000000
         128      317.5000000        0.0000000        0.0000000
         129      320.0000000        0.0000000        0.0000000
         130      322.5000000        0.0000000        0.0000000
         131      325.0000000        0.0000000        0.0000000
         132      327.5000000        0.0000000        0.0000000
         133      330.0000000        0.0000000        0.0000000
         134      332.5000000        0.0000000        0.0000000
         135      335.0000000        0.0000000        0.0000000
         136      337.5000000        0.0000000        0.0000000
         137      340.0000000        0.0000000        0.0000000
         138      342.5000000        0.0000000        0.0000000
         139      345.0000000        0.0000000        0.0000000
         140      347.5000000        0.0000000        0.0000000
         141      350.0000000        0.0000000        0.0000000
         142      352.5000000        0.0000000        0.0000000
         143      355.0000000        0.0000000        0.0000000
         144      357.5000000        0.0000000        0.0000000
         145      360.0000000        0.0000000        0.0000000
         146      362.5000000        0.0000000        0.0000000
         147      365.0000000        0.0000000        0.0000000
         148      367.5000000        0.0000000        0.0000000
         149      370.0000000        0.0000000        0.0000000
         150      372.5000000        0.0000000        0.0000000
         151      375.0000000        0.0000000        0.0000000
         152      377.5000000        0.0000000        0.0000000
         153      380.0000000        0.0000000        0.0000000
         154      382.5000000        0.0000000        0.0000000
         155      385.0000000        0.0000000        0.0000000
         156      387.5000000        0.0000000        0.0000000
         157      390.0000000        0.0000000        0.0000000
         158      392.5000000        0.0000000        0.0000000
         159      395.0000000        0.0000000        0.0000000
         160      397.5000000        0.0000000        0.0000000
         161      400.0000000        0.0000000        0.0000000
         162      402.5000000        0.0000000        0.0000000
         163      405.0000000        0.0000000        0.0000000
         164      407.5000000        0.0000000        0.0000000
         165      410.0000000        0.0000000        0.0000000
         166      412.5000000        0.0000000        0.0000000
         167      415.0000000        0.0000000        0.0000000
         168      417.5000000        0.0000000        0.0000000
         169      420.0000000        0.0000000        0.0000000
         170      422.5000000        0.0000000        0.0000000
         171      425.0000000        0.0000000        0.0000000
         172      427.5000000        0.0000000        0.0000000
         173      430.0000000        0.0000000        0.0000000
         174      432.5000000        0.0000000        0.0000000
         175      435.0000000        0.0000000        0.0000000
         176      437.5000000        0.0000000        0.0000000
         177      440.0000000        0.0000000        0.0000000
         178      442.5000000        0.0000000        0.0000000
         179      445.0000000        0.0000000        0.0000000
         180      447.5000000        0.0000000        0.0000000
         181      450.0000000        0.0000000        0.0000000
         182      452.5000000        0.0000000        0.0000000
         183      455.0000000        0.0000000        0.0000000
         184      457.5000000        0.0000000        0.0000000
         185      460.0000000        0.0000000        0.0000000
         186      462.5000000        0.0000000        0.0000000
         187      465.0000000        0.0000000        0.0000000
         188      467.5000000        0.0000000        0.0000000
         189      470.0000000        0.0000000        0.0000000
         190      472.5000000        0.0000000        0.0000000
         191      475.0000000        0.0000000        0.0000000
         192      477.5000000        0.0000000        0.0000000
         193      480.0000000        0.0000000        0.0000000
         194      482.5000000        0.0000000        0.0000000
         195      485.0000000        0.0000000        0.0000000
         196      487.5000000        0.0000000        0.0000000
         197      490.0000000        0.0000000        0.0000000
         198      492.5000000        0.0000000        0.0000000
         199      495.0000000        0.0000000        0.0000000
         200      497.5000000        0.0000000        0.0000000
         201      500.0000000        0.0000000        0.0000000
         202      502.5000000        0.0000000        0.0000000
         203      505.0000000        0.0000000        0.0000000
         204      507.5000000        0.0000000        0.0000000
         205      510.0000000        0.0000000        0.0000000
         206      512.5000000        0.0000000        0.0000000
         207      515.0000000        0.0000000        0.0000000
         208      517.5000000        0.0000000        0.0000000
         209      520.0000000        0.0000000        0.0000000
         210      522.5000000        0.0000000        0.0000000
         211      525.0000000        0.0000000        0.0000000
         212      527.5000000        0.0000000        0.0000000
         213      530.0000000        0.0000000        0.0000000
         214      532.5000000        0.0000000        0.0000000
         215      535.0000000        0.0000000        0.0000000
         216      537.5000000        0.0000000        0.0000000
         217      540.0000000        0.0000000        0.0000000
         218      542.5000000        0.0000000        0.0000000
         219      545.0000000        0.0000000        0.0000000
         220      547.5000000        0.0000000        0.0000000
         221      550.0000000        0.0000000        0.0000000
         222      552.5000000        0.0000000        0.0000000
         223      555.0000000        0.0000000        0.0000000
         224      557.5000000        0.0000000        0.0000000
         225      560.0000000        0.0000000        0.0000000
         226      562.5000000        0.0000000        0.0000000
         227      565.0000000        0.0000000        0.0000000
         228      567.5000000        0.0000000        0.0000000
         229      570.0000000        0.0000000        0.0000000
         230      572.5000000        0.0000000        0.0000000
         231      575.0000000        0.0000000        0.0000000
         232      577.5000000        0.0000000        0.0000000
         233      580.0000000        0.0000000        0.0000000
         234      582.5000000        0.0000000        0.0000000
         235      585.0000000        0.0000000        0.0000000
         236      587.5000000        0.0000000        0.0000000
         237      590.0000000        0.0000000        0.0000000
         238      592.5000000        0.0000000        0.0000000
         239      595.0000000        0.0000000        0.0000000
         240      597.5000000        0.0000000        0.0000000
         241      600.0000000        0.0000000        0.0000000
         242      602.5000000        0.0000000        0.0000000
         243      605.0000000        0.0000000        0.0000000
         244      607.5000000        0.0000000        0.0000000
         245      610.0000000        0.0000000        0.0000000
         246      612.5000000        0.0000000        0.0000000
         247      615.0000000        0.0000000        0.0000000
         248      617.5000000        0.0000000        0.0000000
         249      620.0000000        0.0000000        0.0000000
         250      622.5000000        0.0000000        0.0000000
         251      625.0000000        0.0000000        0.0000000
         252      627.5000000        0.0000000        0.0000000
         253      630.0000000        0.0000000        0.0000000
         254      632.5000000        0.0000000        0.0000000
         255      635.0000000        0.0000000        0.0000000
         256      637.5000000        0.0000000        0.0000000
         257      640.0000000        0.0000000        0.0000000
         258      642.5000000        0.0000000        0.0000000
         259      645.0000000        0.0000000        0.0000000
         260      647.5000000        0.0000000        0.0000000
         261      650.0000000        0.0000000        0.0000000
         262      652.5000000        0.0000000        0.0000000
         263      655.0000000        0.0000000        0.0000000
         264      657.5000000        0.0000000        0.0000000
         265      660.0000000        0.0000000        0.0000000
         266      662.5000000        0.0000000        0.0000000
         267      665.0000000        0.0000000        0.0000000
         268      667.5000000        0.0000000        0.0000000
         269      670.0000000        0.0000000        0.0000000
         270      672.5000000        0.0000000        0.0000000
         271      675.0000000        0.0000000        0.0000000
         272      677.5000000        0.0000000        0.0000000
         273      680.0000000        0.0000000        0.0000000
         274      682.5000000        0.0000000        0.0000000
         275      685.0000000        0.0000000        0.0000000
         276      687.5000000        0.0000000        0.0000000
         277      690.0000000        0.0000000        0.0000000
         278      692.5000000        0.0000000        0.0000000
         279      695.0000000        0.0000000        0.0000000
         280      697.5000000        0.0000000        0.0000000
         281      700.0000000        0.0000000        0.0000000
         282      702.5000000        0.0000000        0.0000000
         283      705.0000000        0.0000000        0.0000000
         284      707.5000000        0.0000000        0.0000000
         285      710.0000000        0.0000000        0.0000000
         286      712.5000000        0.0000000        0.0000000
         287      715.0000000        0.0000000        0.0000000
         288      717.5000000        0.0000000        0.0000000
         289      720.0000000        0.0000000        0.0000000
         290      722.5000000        0.0000000        0.0000000
         291      725.0000000        0.0000000        0.0000000
         292      727.5000000        0.0000000        0.0000000
         293      730.0000000        0.0000000        0.0000000
         294      732.5000000        0.0000000        0.0000000
         295      735.0000000        0.0000000        0.0000000
         296      737.5000000        0.0000000        0.0000000
         297      740.0000000        0.0000000        0.0000000
         298      742.5000000        0.0000000        0.0000000
         299      745.0000000        0.0000000        0.0000000
         300      747.5000000        0.0000000        0.0000000
         301      750.0000000        0.0000000        0.0000000
         302      752.5000000        0.0000000        0.0000000
         303      755.0000000        0.0000000        0.0000000
         304      757.5000000        0.0000000        0.0000000
         305      760.0000000        0.0000000        0.0000000
         306      762.5000000        0.0000000        0.0000000
         307      765.0000000        0.0000000        0.0000000
         308      767.5000000        0.0000000        0.0000000
         309      770.0000000        0.0000000        0.0000000
         310      772.5000000        0.0000000        0.0000000
         311      775.0000000        0.0000000        0.0000000
         312      777.5000000        0.0000000        0.0000000
         313      780.0000000        0.0000000        0.0000000
         314      782.5000000        0.0000000        0.0000000
         315      785.0000000        0.0000000        0.0000000
         316      787.5000000        0.0000000        0.0000000
         317      790.0000000        0.0000000        0.0000000
         318      792.5000000        0.0000000        0.0000000
         319      795.0000000        0.0000000        0.0000000
         320      797.5000000        0.0000000        0.0000000
         321      800.0000000        0.0000000        0.0000000
         322      802.5000000        0.0000000        0.0000000
         323      805.0000000        0.0000000        0.0000000
         324      807.5000000        0.0000000        0.0000000
         325      810.0000000        0.0000000        0.0000000
         326      812.5000000        0.0000000        0.0000000
         327      815.0000000        0.0000000        0.0000000
         328      817.5000000        0.0000000        0.0000000
         329      820.0000000        0.0000000        0.0000000
         330      822.5000000        0.0000000        0.0000000
         331      825.0000000        0.0000000        0.0000000
         332      827.5000000        0.0000000        0.0000000
         333      830.0000000        0.0000000        0.0000000
         334      832.5000000        0.0000000        0.0000000
         335      835.0000000        0.0000000        0.0000000
         336      837.5000000        0.0000000        0.0000000
         337      840.0000000        0.0000000        0.0000000
         338      842.5000000        0.0000000        0.0000000
         339      845.0000000        0.0000000        0.0000000
         340      847.5000000        0.0000000        0.0000000
         341      850.0000000        0.0000000        0.0000000
         342      852.5000000        0.0000000        0.0000000
         343      855.0000000        0.0000000        0.0000000
         344      857.5000000        0.0000000        0.0000000
         345      860.0000000        0.0000000        0.0000000
         346      862.5000000        0.0000000        0.0000000
         347      865.0000000        0.0000000        0.0000000
         348      867.5000000        0.0000000        0.0000000
         349      870.0000000        0.0000000        0.0000000
         350      872.5000000        0.0000000        0.0000000
         351      875.0000000        0.0000000        0.0000000
         352      877.5000000        0.0000000        0.0000000
         353      880.0000000        0.0000000        0.0000000
         354      882.5000000        0.0000000        0.0000000
         355      885.0000000        0.0000000        0.0000000
         356      887.5000000        0.0000000        0.0000000
         357      890.0000000        0.0000000        0.0000000
         358      892.5000000        0.0000000        0.0000000
         359      895.0000000        0.0000000        0.0000000
         360      897.5000000        0.0000000        0.0000000
         361      900.0000000        0.0000000        0.0000000
         362      902.5000000        0.0000000        0.0000000
         363      905.0000000        0.0000000        0.0000000
         364      907.5000000        0.0000000        0.0000000
         365      910.0000000        0.0000000        0.0000000
         366      912.5000000        0.0000000        0.0000000
         367      915.0000000        0.0000000        0.0000000
         368      917.5000000        0.0000000        0.0000000
         369      920.0000000        0.0000000        0.0000000
         370      922.5000000        0.0000000        0.0000000
         371      925.0000000        0.0000000        0.0000000
         372      927.5000000        0.0000000        0.0000000
         373      930.0000000        0.0000000        0.0000000
         374      932.5000000        0.0000000        0.0000000
         375      935.0000000        0.0000000        0.0000000
         376      937.5000000        0.0000000        0.0000000
         377      940.0000000        0.0000000        0.0000000
         378      942.5000000        0.0000000        0.0000000
         379      945.0000000        0.0000000        0.0000000
         380      947.5000000        0.0000000        0.0000000
         381      950.0000000        0.0000000        0.0000000
         382      952.5000000        0.0000000        0.0000000
         383      955.0000000        0.0000000        0.0000000
         384      957.5000000        0.0000000        0.0000000
         385      960.0000000        0.0000000        0.0000000
         386      962.5000000        0.0000000        0.0000000
         387      965.0000000        0.0000000        0.0000000
         388      967.5000000        0.0000000        0.0000000
         389      970.0000000        0.0000000        0.0000000
         390      972.5000000        0.0000000        0.0000000
         391      975.0000000        0.0000000        0.0000000
         392      977.5000000        0.0000000        0.0000000
         393      980.0000000        0.0000000        0.0000000
         394      982.5000000        0.0000000        0.0000000
         395      985.0000000        0.0000000        0.0000000
         396      987.5000000        0.0000000        0.0000000
         397      990.0000000        0.0000000        0.0000000
         398      992.5000000        0.0000000        0.0000000
         399      995.0000000        0.0000000        0.0000000
         400      997.5000000        0.0000000        0.0000000
         401     1000.0000000        0.0000000        0.0000000
         402     1002.5000000        0.0000000        0.0000000
         403     1005.0000000        0.0000000        0.0000000
         404     1007.5000000        0.0000000        0.0000000
         405     1010.0000000        0.0000000        0.0000000
         406     1012.5000000        0.0000000        0.0000000
         407     1015.0000000        0.0000000        0.0000000
         408     1017.5000000        0.0000000        0.0000000
         409     1020.0000000        0.0000000        0.0000000
         410     1022.5000000        0.0000000        0.0000000
         411     1025.0000000        0.0000000        0.0000000
         412     1027.5000000        0.0000000        0.0000000
         413     1030.0000000        0.0000000        0.0000000
         414     1032.5000000        0.0000000        0.0000000
         415     1035.0000000        0.0000000        0.0000000
         416     1037.5000000        0.0000000        0.0000000
         417     1040.0000000        0.0000000        0.0000000
         418     1042.5000000        0.0000000        0.0000000
         419     1045.0000000        0.0000000        0.0000000
         420     1047.5000000        0.0000000        0.0000000
         421     1050.0000000        0.0000000        0.0000000
         422     1052.5000000        0.0000000        0.0000000
         423     1055.0000000        0.0000000        0.0000000
         424     1057.5000000        0.0000000        0.0000000
         425     1060.0000000        0.0000000        0.0000000
         426     1062.5000000        0.0000000        0.0000000
         427     1065.0000000        0.0000000        0.0000000
         428     1067.5000000        0.0000000        0.0000000
         429     1070.0000000        0.0000000        0.0000000
         430     1072.5000000        0.0000000        0.0000000
         431     1075.0000000        0.0000000        0.0000000
         432     1077.5000000        0.0000000        0.0000000
         433     1080.0000000        0.0000000        0.0000000
         434     1082.5000000        0.0000000        0.0000000
         435     1085.0000000        0.0000000        0.0000000
         436     1087.5000000        0.0000000        0.0000000
         437     1090.0000000        0.0000000        0.0000000
         438     1092.5000000        0.0000000        0.0000000
         439     1095.0000000        0.0000000        0.0000000
         440     1097.5000000        0.0000000        0.0000000
         441     1100.0000000        0.0000000        0.0000000
