Data type: xyz; UNIT: metre
           1     -200.0000000        0.0000000        0.0000000
           2     -190.0000000        0.0000000        0.0000000
           3     -180.0000000        0.0000000        0.0000000
           4     -170.0000000        0.0000000        0.0000000
           5     -160.0000000        0.0000000        0.0000000
           6     -150.0000000        0.0000000        0.0000000
           7     -140.0000000        0.0000000        0.0000000
           8     -130.0000000        0.0000000        0.0000000
           9     -120.0000000        0.0000000        0.0000000
          10     -110.0000000        0.0000000        0.0000000
          11     -100.0000000        0.0000000        0.0000000
          12      -90.0000000        0.0000000        0.0000000
          13      -80.0000000        0.0000000        0.0000000
          14      -70.0000000        0.0000000        0.0000000
          15      -60.0000000        0.0000000        0.0000000
          16      -50.0000000        0.0000000        0.0000000
          17      -40.0000000        0.0000000        0.0000000
          18      -30.0000000        0.0000000        0.0000000
          19      -20.0000000        0.0000000        0.0000000
          20      -10.0000000        0.0000000        0.0000000
          21       -0.0000000        0.0000000        0.0000000
          22       10.0000000        0.0000000        0.0000000
          23       20.0000000        0.0000000        0.0000000
          24       30.0000000        0.0000000        0.0000000
          25       40.0000000        0.0000000        0.0000000
          26       50.0000000        0.0000000        0.0000000
          27       60.0000000        0.0000000        0.0000000
          28       70.0000000        0.0000000        0.0000000
          29       80.0000000        0.0000000        0.0000000
          30       90.0000000        0.0000000        0.0000000
          31      100.0000000        0.0000000        0.0000000
          32      110.0000000        0.0000000        0.0000000
          33      120.0000000        0.0000000        0.0000000
          34      130.0000000        0.0000000        0.0000000
          35      140.0000000        0.0000000        0.0000000
          36      150.0000000        0.0000000        0.0000000
          37      160.0000000        0.0000000        0.0000000
          38      170.0000000        0.0000000        0.0000000
          39      180.0000000        0.0000000        0.0000000
          40      190.0000000        0.0000000        0.0000000
          41      200.0000000        0.0000000        0.0000000
          42      210.0000000        0.0000000        0.0000000
          43      220.0000000        0.0000000        0.0000000
          44      230.0000000        0.0000000        0.0000000
          45      240.0000000        0.0000000        0.0000000
          46      250.0000000        0.0000000        0.0000000
          47      260.0000000        0.0000000        0.0000000
          48      270.0000000        0.0000000        0.0000000
          49      280.0000000        0.0000000        0.0000000
          50      290.0000000        0.0000000        0.0000000
          51      300.0000000        0.0000000        0.0000000
          52      310.0000000        0.0000000        0.0000000
          53      320.0000000        0.0000000        0.0000000
          54      330.0000000        0.0000000        0.0000000
          55      340.0000000        0.0000000        0.0000000
          56      350.0000000        0.0000000        0.0000000
          57      360.0000000        0.0000000        0.0000000
          58      370.0000000        0.0000000        0.0000000
          59      380.0000000        0.0000000        0.0000000
          60      390.0000000        0.0000000        0.0000000
          61      400.0000000        0.0000000        0.0000000
          62      410.0000000        0.0000000        0.0000000
          63      420.0000000        0.0000000        0.0000000
          64      430.0000000        0.0000000        0.0000000
          65      440.0000000        0.0000000        0.0000000
          66      450.0000000        0.0000000        0.0000000
          67      460.0000000        0.0000000        0.0000000
          68      470.0000000        0.0000000        0.0000000
          69      480.0000000        0.0000000        0.0000000
          70      490.0000000        0.0000000        0.0000000
          71      500.0000000        0.0000000        0.0000000
          72      510.0000000        0.0000000        0.0000000
          73      520.0000000        0.0000000        0.0000000
          74      530.0000000        0.0000000        0.0000000
          75      540.0000000        0.0000000        0.0000000
          76      550.0000000        0.0000000        0.0000000
          77      560.0000000        0.0000000        0.0000000
          78      570.0000000        0.0000000        0.0000000
          79      580.0000000        0.0000000        0.0000000
          80      590.0000000        0.0000000        0.0000000
          81      600.0000000        0.0000000        0.0000000
          82      610.0000000        0.0000000        0.0000000
          83      620.0000000        0.0000000        0.0000000
          84      630.0000000        0.0000000        0.0000000
          85      640.0000000        0.0000000        0.0000000
          86      650.0000000        0.0000000        0.0000000
          87      660.0000000        0.0000000        0.0000000
          88      670.0000000        0.0000000        0.0000000
          89      680.0000000        0.0000000        0.0000000
          90      690.0000000        0.0000000        0.0000000
          91      700.0000000        0.0000000        0.0000000
          92      710.0000000        0.0000000        0.0000000
          93      720.0000000        0.0000000        0.0000000
          94      730.0000000        0.0000000        0.0000000
          95      740.0000000        0.0000000        0.0000000
          96      750.0000000        0.0000000        0.0000000
          97      760.0000000        0.0000000        0.0000000
          98      770.0000000        0.0000000        0.0000000
          99      780.0000000        0.0000000        0.0000000
         100      790.0000000        0.0000000        0.0000000
         101      800.0000000        0.0000000        0.0000000
