  PLATEF  1.11      CRONE GEOPHYSICS LIMITED    In-House Copy for Demo and Use
  43    4      3.000     EIGCUR  1.10           R3P0.P4                       
      100.00      300.00                         90.00        0.00        0.00 
      0.0000      0.0000                        350.00        0.00     -100.00 
      200.00       50.00     -100.00            200.00      -50.00     -100.00 
      500.00      -50.00     -100.00            500.00       50.00     -100.00 
      350.00        0.00     -100.00       
     5
      -50.00      -50.00        0.00            -50.00       50.00        0.00 
       50.00       50.00        0.00             50.00      -50.00        0.00 
      -50.00      -50.00        0.00              0.00        0.00        0.00 
        0.00        0.00        0.00              0.00        0.00        0.00 
        0.00        0.00        0.00              0.00        0.00        0.00 
        0.00        0.00        0.00       
    1.99E-05   -8.06E-05    2.58E-05         -1.99E-05   -8.06E-05    2.58E-05 
   -3.45E-07   -3.45E-06    5.29E-06          3.45E-07   -3.45E-06    5.29E-06 
    1.03E-12   -1.36E-05    1.29E-05       
    8.69E-05    8.69E-05    6.33E-06    6.33E-06    1.87E-05 
       17.28       17.28       56.74       56.74       43.53 
    31
      600.00       20.00       90.00              0.00 
       50.00        0.00      -50.00            650.00        0.00      -50.00 
       50.00        0.00      -50.00              0.00 
       50.00      -50.00        0.00            150.00      450.00        0.00 
        0.00      150.00        0.00              0.00     -150.00        0.00 
        0.00        0.00        0.00              0.00        F           T
     0
   1.500E-03   1.000E-03   2.000E-01         1.000E+02        1           URE
   1.000E+09   3.000E+01   1.000E+00              0.00        0.00        0.00 
    24       24       F
   2.550E-05  5.500E-05  7.000E-05  9.500E-05  1.300E-04  1.750E-04  2.350E-04
   3.150E-04  4.200E-04  5.600E-04  7.450E-04  9.900E-04  1.315E-03  1.745E-03
   2.315E-03  3.075E-03  4.085E-03  5.425E-03  7.205E-03  9.570E-03  1.266E-02
   2.273E-02  3.940E-02  4.812E-02  0.000E-01  0.000E-01  0.000E-01  0.000E-01
   0.000E-01  0.000E-01  0.000E-01  0.000E-01  0.000E-01  0.000E-01  0.000E-01
   0.000E-01  0.000E-01  0.000E-01  0.000E-01  0.000E-01  0.000E-01  0.000E-01
   0.000E-01  0.000E-01  0.000E-01  0.000E-01  0.000E-01  0.000E-01  0.000E-01
   0.000E-01  0.000E-01  0.000E-01  0.000E-01  0.000E-01  0.000E-01  0.000E-01
   0.000E-01  0.000E-01  0.000E-01  0.000E-01  0.000E-01  0.000E-01  0.000E-01
   0.000E-01  0.000E-01  0.000E-01  0.000E-01  0.000E-01  0.000E-01  0.000E-01
   0.000E-01  0.000E-01  0.000E-01  0.000E-01  0.000E-01  0.000E-01  0.000E-01
   0.000E-01  0.000E-01  0.000E-01

   0.00000E-01     X       -50036.    
  1.85E+00  1.79E+00  1.76E+00  1.71E+00  1.64E+00  1.56E+00  1.46E+00  1.34E+00
  1.20E+00  1.05E+00  8.86E-01  7.14E-01  5.42E-01  3.83E-01  2.45E-01  1.38E-01
  6.56E-02  2.49E-02  7.02E-03  1.33E-03  1.56E-04  1.56E-07  1.88E-12  5.11E-15
   0.00000E-01     Y       0.00000E-01
  5.07E-08  4.90E-08  4.82E-08  4.69E-08  4.52E-08  4.31E-08  4.05E-08  3.74E-08
  3.38E-08  2.97E-08  2.52E-08  2.04E-08  1.56E-08  1.10E-08  7.03E-09  3.89E-09
  1.80E-09  6.59E-10  1.78E-10  3.23E-11  3.60E-12  3.26E-15  3.65E-20  9.73E-23
   0.00000E-01     Z        45724.    
  2.33E+00  2.25E+00  2.21E+00  2.15E+00  2.06E+00  1.96E+00  1.84E+00  1.69E+00
  1.52E+00  1.33E+00  1.12E+00  9.11E-01  6.98E-01  4.97E-01  3.22E-01  1.84E-01
  8.86E-02  3.41E-02  9.78E-03  1.89E-03  2.24E-04  2.30E-07  2.83E-12  7.76E-15
    20.000         X       -42677.    
  2.70E+00  2.60E+00  2.56E+00  2.48E+00  2.39E+00  2.27E+00  2.12E+00  1.95E+00
  1.75E+00  1.53E+00  1.29E+00  1.04E+00  7.86E-01  5.54E-01  3.54E-01  1.99E-01
  9.40E-02  3.55E-02  9.98E-03  1.89E-03  2.20E-04  2.18E-07  2.62E-12  7.12E-15
    20.000         Y       0.00000E-01
  7.23E-08  6.97E-08  6.84E-08  6.63E-08  6.36E-08  6.04E-08  5.66E-08  5.21E-08
  4.69E-08  4.12E-08  3.50E-08  2.84E-08  2.18E-08  1.55E-08  9.93E-09  5.52E-09
  2.56E-09  9.38E-10  2.54E-10  4.61E-11  5.15E-12  4.69E-15  5.31E-20  1.42E-22
    20.000         Z        15001.    
  2.94E+00  2.83E+00  2.78E+00  2.70E+00  2.59E+00  2.47E+00  2.31E+00  2.12E+00
  1.91E+00  1.67E+00  1.41E+00  1.14E+00  8.76E-01  6.24E-01  4.04E-01  2.30E-01
  1.11E-01  4.26E-02  1.22E-02  2.35E-03  2.78E-04  2.84E-07  3.50E-12  9.58E-15
    40.000         X       -27137.    
  4.08E+00  3.94E+00  3.87E+00  3.76E+00  3.61E+00  3.43E+00  3.21E+00  2.95E+00
  2.65E+00  2.31E+00  1.95E+00  1.56E+00  1.18E+00  8.32E-01  5.30E-01  2.96E-01
  1.40E-01  5.25E-02  1.47E-02  2.77E-03  3.21E-04  3.15E-07  3.77E-12  1.02E-14
    40.000         Y       0.00000E-01
  1.30E-07  1.26E-07  1.23E-07  1.20E-07  1.16E-07  1.10E-07  1.04E-07  9.62E-08
  8.72E-08  7.70E-08  6.57E-08  5.36E-08  4.12E-08  2.92E-08  1.86E-08  1.03E-08
  4.75E-09  1.73E-09  4.66E-10  8.43E-11  9.36E-12  8.46E-15  9.52E-20  2.55E-22
    40.000         Z        69.700    
  3.71E+00  3.58E+00  3.51E+00  3.41E+00  3.28E+00  3.11E+00  2.92E+00  2.68E+00
  2.42E+00  2.11E+00  1.79E+00  1.45E+00  1.11E+00  7.88E-01  5.10E-01  2.90E-01
  1.40E-01  5.37E-02  1.53E-02  2.95E-03  3.48E-04  3.56E-07  4.36E-12  1.19E-14
    60.000         X       -15643.    
  6.45E+00  6.23E+00  6.12E+00  5.94E+00  5.71E+00  5.43E+00  5.08E+00  4.67E+00
  4.19E+00  3.66E+00  3.07E+00  2.46E+00  1.86E+00  1.30E+00  8.28E-01  4.61E-01
  2.16E-01  8.10E-02  2.25E-02  4.23E-03  4.87E-04  4.75E-07  5.63E-12  1.53E-14
    60.000         Y       0.00000E-01
  2.06E-07  2.00E-07  1.96E-07  1.91E-07  1.84E-07  1.76E-07  1.66E-07  1.54E-07
  1.40E-07  1.24E-07  1.06E-07  8.69E-08  6.70E-08  4.76E-08  3.04E-08  1.68E-08
  7.74E-09  2.81E-09  7.54E-10  1.36E-10  1.50E-11  1.35E-14  1.53E-19  4.08E-22
    60.000         Z       -3996.5    
  4.64E+00  4.47E+00  4.39E+00  4.27E+00  4.10E+00  3.90E+00  3.65E+00  3.36E+00
  3.02E+00  2.64E+00  2.24E+00  1.81E+00  1.39E+00  9.88E-01  6.40E-01  3.65E-01
  1.75E-01  6.75E-02  1.93E-02  3.71E-03  4.38E-04  4.46E-07  5.47E-12  1.50E-14
    80.000         X       -9041.8    
  1.07E+01  1.03E+01  1.01E+01  9.84E+00  9.46E+00  8.99E+00  8.42E+00  7.74E+00
  6.95E+00  6.06E+00  5.09E+00  4.08E+00  3.07E+00  2.15E+00  1.36E+00  7.53E-01
  3.51E-01  1.31E-01  3.62E-02  6.76E-03  7.76E-04  7.48E-07  8.82E-12  2.39E-14
    80.000         Y       0.00000E-01
  4.22E-07  4.12E-07  4.06E-07  3.98E-07  3.86E-07  3.72E-07  3.53E-07  3.31E-07
  3.03E-07  2.70E-07  2.33E-07  1.91E-07  1.47E-07  1.04E-07  6.65E-08  3.66E-08
  1.68E-08  6.06E-09  1.61E-09  2.90E-10  3.20E-11  2.88E-14  3.25E-19  8.69E-22
    80.000         Z       -4244.1    
  5.49E+00  5.30E+00  5.20E+00  5.05E+00  4.85E+00  4.61E+00  4.32E+00  3.98E+00
  3.59E+00  3.14E+00  2.66E+00  2.16E+00  1.66E+00  1.19E+00  7.73E-01  4.42E-01
  2.14E-01  8.26E-02  2.37E-02  4.56E-03  5.41E-04  5.52E-07  6.77E-12  1.85E-14
    100.00         X       -5422.8    
  1.84E+01  1.78E+01  1.75E+01  1.70E+01  1.63E+01  1.55E+01  1.45E+01  1.34E+01
  1.20E+01  1.05E+01  8.79E+00  7.04E+00  5.30E+00  3.70E+00  2.33E+00  1.29E+00
  5.98E-01  2.22E-01  6.10E-02  1.13E-02  1.29E-03  1.24E-06  1.45E-11  3.91E-14
    100.00         Y       0.00000E-01
  9.14E-07  8.90E-07  8.78E-07  8.59E-07  8.33E-07  8.02E-07  7.62E-07  7.13E-07
  6.54E-07  5.84E-07  5.04E-07  4.16E-07  3.22E-07  2.29E-07  1.46E-07  8.05E-08
  3.68E-08  1.33E-08  3.55E-09  6.36E-10  7.02E-11  6.31E-14  7.08E-19  1.89E-21
    100.00         Z       -3574.7    
  5.24E+00  5.06E+00  4.97E+00  4.82E+00  4.63E+00  4.41E+00  4.13E+00  3.81E+00
  3.44E+00  3.03E+00  2.59E+00  2.12E+00  1.65E+00  1.20E+00  7.98E-01  4.66E-01
  2.30E-01  9.04E-02  2.63E-02  5.14E-03  6.16E-04  6.40E-07  7.92E-12  2.17E-14
    120.00         X       -3398.1    
  3.18E+01  3.07E+01  3.02E+01  2.94E+01  2.82E+01  2.69E+01  2.52E+01  2.32E+01
  2.09E+01  1.82E+01  1.53E+01  1.23E+01  9.26E+00  6.46E+00  4.07E+00  2.24E+00
  1.04E+00  3.85E-01  1.06E-01  1.95E-02  2.22E-03  2.11E-06  2.46E-11  6.63E-14
    120.00         Y       0.00000E-01
  1.34E-06  1.31E-06  1.29E-06  1.27E-06  1.23E-06  1.19E-06  1.14E-06  1.08E-06
  1.01E-06  9.18E-07  8.12E-07  6.87E-07  5.46E-07  3.98E-07  2.59E-07  1.44E-07
  6.65E-08  2.41E-08  6.40E-09  1.14E-09  1.25E-10  1.11E-13  1.23E-18  3.27E-21
    120.00         Z       -2835.7    
  4.29E-01  4.00E-01  3.87E-01  3.68E-01  3.47E-01  3.27E-01  3.12E-01  3.05E-01
  3.10E-01  3.29E-01  3.59E-01  3.87E-01  3.99E-01  3.78E-01  3.17E-01  2.26E-01
  1.31E-01  5.84E-02  1.88E-02  3.96E-03  5.03E-04  5.70E-07  7.38E-12  2.05E-14
    140.00         X       -2219.9    
  4.96E+01  4.79E+01  4.72E+01  4.59E+01  4.42E+01  4.21E+01  3.96E+01  3.65E+01
  3.29E+01  2.89E+01  2.44E+01  1.96E+01  1.49E+01  1.04E+01  6.63E+00  3.68E+00
  1.72E+00  6.38E-01  1.76E-01  3.26E-02  3.71E-03  3.53E-06  4.10E-11  1.11E-13
    140.00         Y       0.00000E-01
  1.79E-06  1.85E-06  1.87E-06  1.90E-06  1.94E-06  1.97E-06  2.00E-06  2.01E-06
  1.98E-06  1.90E-06  1.75E-06  1.53E-06  1.24E-06  9.16E-07  5.99E-07  3.34E-07
  1.54E-07  5.54E-08  1.47E-08  2.61E-09  2.85E-10  2.50E-13  2.75E-18  7.29E-21
    140.00         Z       -2220.7    
 -1.69E+01 -1.64E+01 -1.61E+01 -1.57E+01 -1.51E+01 -1.44E+01 -1.35E+01 -1.24E+01
 -1.11E+01 -9.63E+00 -7.95E+00 -6.18E+00 -4.45E+00 -2.91E+00 -1.67E+00 -8.18E-01
 -3.26E-01 -1.00E-01 -2.20E-02 -3.10E-03 -2.49E-04 -5.77E-08  7.36E-13  2.99E-15
    160.00         X       -1504.9    
  5.86E+01  5.67E+01  5.58E+01  5.44E+01  5.25E+01  5.01E+01  4.73E+01  4.38E+01
  3.98E+01  3.51E+01  2.99E+01  2.45E+01  1.88E+01  1.35E+01  8.73E+00  4.95E+00
  2.36E+00  8.93E-01  2.50E-01  4.70E-02  5.42E-03  5.24E-06  6.14E-11  1.66E-13
    160.00         Y       0.00000E-01
  4.26E-06  4.16E-06  4.11E-06  4.03E-06  3.93E-06  3.82E-06  3.69E-06  3.53E-06
  3.34E-06  3.11E-06  2.82E-06  2.45E-06  1.99E-06  1.48E-06  9.77E-07  5.51E-07
  2.55E-07  9.29E-08  2.48E-08  4.46E-09  4.91E-10  4.34E-13  4.77E-18  1.27E-20
    160.00         Z       -1745.3    
 -5.11E+01 -4.96E+01 -4.88E+01 -4.75E+01 -4.59E+01 -4.38E+01 -4.12E+01 -3.80E+01
 -3.43E+01 -2.99E+01 -2.51E+01 -1.99E+01 -1.48E+01 -1.01E+01 -6.14E+00 -3.23E+00
 -1.42E+00 -4.92E-01 -1.26E-01 -2.17E-02 -2.28E-03 -1.84E-06 -1.89E-11 -4.91E-14
    180.00         X       -1053.6    
  4.60E+01  4.46E+01  4.40E+01  4.29E+01  4.15E+01  3.98E+01  3.78E+01  3.53E+01
  3.24E+01  2.91E+01  2.53E+01  2.12E+01  1.69E+01  1.25E+01  8.45E+00  4.99E+00
  2.48E+00  9.73E-01  2.82E-01  5.46E-02  6.45E-03  6.48E-06  7.78E-11  2.11E-13
    180.00         Y       0.00000E-01
  5.75E-06  5.85E-06  5.89E-06  5.95E-06  6.01E-06  6.05E-06  6.07E-06  6.04E-06
  5.90E-06  5.63E-06  5.17E-06  4.51E-06  3.67E-06  2.72E-06  1.79E-06  1.01E-06
  4.68E-07  1.71E-07  4.60E-08  8.30E-09  9.19E-10  8.22E-13  9.12E-18  2.43E-20
    180.00         Z       -1384.8    
 -8.55E+01 -8.30E+01 -8.17E+01 -7.97E+01 -7.70E+01 -7.38E+01 -6.96E+01 -6.46E+01
 -5.86E+01 -5.16E+01 -4.38E+01 -3.54E+01 -2.68E+01 -1.87E+01 -1.18E+01 -6.43E+00
 -2.94E+00 -1.06E+00 -2.84E-01 -5.07E-02 -5.56E-03 -4.87E-06 -5.31E-11 -1.41E-13
    200.00         X       -758.44    
  2.22E+01  2.16E+01  2.13E+01  2.09E+01  2.03E+01  1.97E+01  1.89E+01  1.80E+01
  1.69E+01  1.57E+01  1.42E+01  1.25E+01  1.06E+01  8.36E+00  6.01E+00  3.78E+00
  1.99E+00  8.29E-01  2.53E-01  5.12E-02  6.30E-03  6.76E-06  8.42E-11  2.31E-13
    200.00         Y       0.00000E-01
  1.15E-05  1.12E-05  1.10E-05  1.08E-05  1.04E-05  1.00E-05  9.50E-06  8.91E-06
  8.24E-06  7.45E-06  6.56E-06  5.54E-06  4.41E-06  3.24E-06  2.13E-06  1.21E-06
  5.73E-07  2.14E-07  5.88E-08  1.08E-08  1.22E-09  1.13E-12  1.28E-17  3.44E-20
    200.00         Z       -1111.5    
 -1.01E+02 -9.83E+01 -9.69E+01 -9.47E+01 -9.17E+01 -8.80E+01 -8.35E+01 -7.78E+01
 -7.12E+01 -6.33E+01 -5.44E+01 -4.47E+01 -3.47E+01 -2.48E+01 -1.61E+01 -9.08E+00
 -4.29E+00 -1.61E+00 -4.43E-01 -8.16E-02 -9.21E-03 -8.49E-06 -9.59E-11 -2.56E-13
    220.00         X       -559.29    
  2.76E+00  2.72E+00  2.70E+00  2.69E+00  2.70E+00  2.73E+00  2.81E+00  2.95E+00
  3.16E+00  3.42E+00  3.68E+00  3.86E+00  3.84E+00  3.52E+00  2.89E+00  2.04E+00
  1.19E+00  5.45E-01  1.80E-01  3.93E-02  5.14E-03  6.06E-06  7.97E-11  2.21E-13
    220.00         Y       0.00000E-01
  9.49E-06  9.28E-06  9.17E-06  9.00E-06  8.78E-06  8.51E-06  8.17E-06  7.75E-06
  7.25E-06  6.64E-06  5.91E-06  5.05E-06  4.08E-06  3.05E-06  2.05E-06  1.20E-06
  5.82E-07  2.24E-07  6.31E-08  1.19E-08  1.37E-09  1.30E-12  1.50E-17  4.01E-20
    220.00         Z       -902.65    
 -9.96E+01 -9.70E+01 -9.57E+01 -9.37E+01 -9.09E+01 -8.75E+01 -8.33E+01 -7.81E+01
 -7.19E+01 -6.46E+01 -5.62E+01 -4.70E+01 -3.71E+01 -2.72E+01 -1.81E+01 -1.05E+01
 -5.12E+00 -1.97E+00 -5.61E-01 -1.07E-01 -1.24E-02 -1.20E-05 -1.40E-10 -3.76E-13
    240.00         X       -421.20    
 -7.91E+00 -7.74E+00 -7.65E+00 -7.49E+00 -7.26E+00 -6.95E+00 -6.52E+00 -5.96E+00
 -5.23E+00 -4.34E+00 -3.33E+00 -2.25E+00 -1.24E+00 -3.99E-01  1.57E-01  3.96E-01
  3.73E-01  2.27E-01  9.16E-02  2.31E-02  3.37E-03  4.61E-06  6.55E-11  1.85E-13
    240.00         Y       0.00000E-01
  1.60E-05  1.52E-05  1.48E-05  1.42E-05  1.35E-05  1.26E-05  1.16E-05  1.04E-05
  9.20E-06  7.91E-06  6.61E-06  5.32E-06  4.07E-06  2.90E-06  1.88E-06  1.07E-06
  5.12E-07  1.95E-07  5.50E-08  1.04E-08  1.20E-09  1.17E-12  1.37E-17  3.70E-20
    240.00         Z       -741.40    
 -9.13E+01 -8.90E+01 -8.79E+01 -8.60E+01 -8.35E+01 -8.05E+01 -7.68E+01 -7.22E+01
 -6.68E+01 -6.04E+01 -5.30E+01 -4.48E+01 -3.59E+01 -2.68E+01 -1.81E+01 -1.08E+01
 -5.38E+00 -2.13E+00 -6.24E-01 -1.22E-01 -1.46E-02 -1.48E-05 -1.78E-10 -4.83E-13
    260.00         X       -323.10    
 -1.26E+01 -1.24E+01 -1.22E+01 -1.20E+01 -1.17E+01 -1.14E+01 -1.09E+01 -1.02E+01
 -9.36E+00 -8.33E+00 -7.12E+00 -5.77E+00 -4.35E+00 -2.97E+00 -1.76E+00 -8.51E-01
 -2.96E-01 -5.31E-02  6.83E-03  6.26E-03  1.36E-03  2.67E-06  4.39E-11  1.28E-13
    260.00         Y       0.00000E-01
  1.21E-05  1.18E-05  1.17E-05  1.15E-05  1.13E-05  1.09E-05  1.04E-05  9.73E-06
  8.89E-06  7.85E-06  6.65E-06  5.35E-06  4.04E-06  2.82E-06  1.79E-06  9.99E-07
  4.72E-07  1.78E-07  5.01E-08  9.44E-09  1.09E-09  1.05E-12  1.23E-17  3.33E-20
    260.00         Z       -615.44    
 -8.29E+01 -8.08E+01 -7.97E+01 -7.80E+01 -7.57E+01 -7.29E+01 -6.95E+01 -6.54E+01
 -6.05E+01 -5.47E+01 -4.82E+01 -4.08E+01 -3.29E+01 -2.47E+01 -1.70E+01 -1.02E+01
 -5.21E+00 -2.11E+00 -6.34E-01 -1.27E-01 -1.56E-02 -1.67E-05 -2.06E-10 -5.65E-13
    280.00         X       -251.91    
 -1.51E+01 -1.48E+01 -1.46E+01 -1.44E+01 -1.40E+01 -1.36E+01 -1.30E+01 -1.23E+01
 -1.14E+01 -1.03E+01 -8.98E+00 -7.53E+00 -5.96E+00 -4.37E+00 -2.88E+00 -1.63E+00
 -7.50E-01 -2.61E-01 -6.22E-02 -8.73E-03 -5.73E-04  5.15E-07  1.79E-11  5.80E-14
    280.00         Y       0.00000E-01
  8.17E-06  7.60E-06  7.33E-06  6.92E-06  6.39E-06  5.81E-06  5.15E-06  4.44E-06
  3.74E-06  3.07E-06  2.47E-06  1.94E-06  1.48E-06  1.08E-06  7.20E-07  4.26E-07
  2.11E-07  8.30E-08  2.38E-08  4.52E-09  5.20E-10  4.81E-13  5.27E-18  1.39E-20
    280.00         Z       -515.91    
 -7.61E+01 -7.40E+01 -7.30E+01 -7.13E+01 -6.91E+01 -6.64E+01 -6.32E+01 -5.92E+01
 -5.46E+01 -4.93E+01 -4.32E+01 -3.66E+01 -2.94E+01 -2.21E+01 -1.52E+01 -9.27E+00
 -4.77E+00 -1.97E+00 -6.04E-01 -1.24E-01 -1.56E-02 -1.74E-05 -2.22E-10 -6.13E-13
    300.00         X       -199.25    
 -1.75E+01 -1.70E+01 -1.68E+01 -1.65E+01 -1.60E+01 -1.54E+01 -1.47E+01 -1.38E+01
 -1.27E+01 -1.14E+01 -9.95E+00 -8.36E+00 -6.68E+00 -4.99E+00 -3.39E+00 -2.02E+00
 -1.01E+00 -3.95E-01 -1.12E-01 -2.06E-02 -2.24E-03 -1.59E-06 -9.64E-12 -1.80E-14
    300.00         Y       0.00000E-01
 -3.80E-06 -3.47E-06 -3.32E-06 -3.08E-06 -2.77E-06 -2.43E-06 -2.05E-06 -1.65E-06
 -1.24E-06 -8.69E-07 -5.49E-07 -2.98E-07 -1.22E-07 -1.60E-08  3.13E-08  3.85E-08
  2.65E-08  1.23E-08  3.80E-09  7.11E-10  7.28E-11  2.35E-14 -4.90E-19 -2.02E-21
    300.00         Z       -436.38    
 -6.98E+01 -6.78E+01 -6.68E+01 -6.52E+01 -6.30E+01 -6.05E+01 -5.74E+01 -5.36E+01
 -4.93E+01 -4.43E+01 -3.87E+01 -3.26E+01 -2.61E+01 -1.96E+01 -1.34E+01 -8.18E+00
 -4.24E+00 -1.77E+00 -5.49E-01 -1.15E-01 -1.47E-02 -1.70E-05 -2.24E-10 -6.23E-13
    320.00         X       -159.64    
 -1.99E+01 -1.93E+01 -1.90E+01 -1.85E+01 -1.79E+01 -1.71E+01 -1.62E+01 -1.50E+01
 -1.37E+01 -1.22E+01 -1.06E+01 -8.81E+00 -6.99E+00 -5.22E+00 -3.58E+00 -2.18E+00
 -1.13E+00 -4.70E-01 -1.44E-01 -2.91E-02 -3.53E-03 -3.42E-06 -3.55E-11 -9.09E-14
    320.00         Y       0.00000E-01
 -3.56E-06 -3.41E-06 -3.34E-06 -3.22E-06 -3.08E-06 -2.90E-06 -2.69E-06 -2.45E-06
 -2.18E-06 -1.88E-06 -1.55E-06 -1.21E-06 -8.77E-07 -5.71E-07 -3.26E-07 -1.59E-07
 -6.48E-08 -2.16E-08 -5.70E-09 -1.10E-09 -1.40E-10 -2.00E-13 -3.41E-18 -1.02E-20
    320.00         Z       -372.16    
 -6.27E+01 -6.08E+01 -5.99E+01 -5.84E+01 -5.65E+01 -5.41E+01 -5.13E+01 -4.79E+01
 -4.40E+01 -3.94E+01 -3.44E+01 -2.89E+01 -2.31E+01 -1.73E+01 -1.18E+01 -7.16E+00
 -3.70E+00 -1.54E+00 -4.81E-01 -1.01E-01 -1.31E-02 -1.56E-05 -2.11E-10 -5.93E-13
    340.00         X       -129.40    
 -2.13E+01 -2.06E+01 -2.03E+01 -1.98E+01 -1.90E+01 -1.82E+01 -1.71E+01 -1.59E+01
 -1.44E+01 -1.28E+01 -1.10E+01 -9.12E+00 -7.21E+00 -5.37E+00 -3.69E+00 -2.27E+00
 -1.20E+00 -5.12E-01 -1.63E-01 -3.45E-02 -4.40E-03 -4.80E-06 -5.69E-11 -1.53E-13
    340.00         Y       0.00000E-01
  5.89E-06  5.29E-06  5.01E-06  4.58E-06  4.04E-06  3.43E-06  2.75E-06  2.04E-06
  1.36E-06  7.44E-07  2.55E-07 -8.27E-08 -2.66E-07 -3.17E-07 -2.77E-07 -1.93E-07
 -1.08E-07 -4.69E-08 -1.51E-08 -3.28E-09 -4.41E-10 -5.94E-13 -9.01E-18 -2.61E-20
    340.00         Z       -319.80    
 -5.44E+01 -5.28E+01 -5.20E+01 -5.08E+01 -4.91E+01 -4.71E+01 -4.47E+01 -4.18E+01
 -3.84E+01 -3.45E+01 -3.02E+01 -2.54E+01 -2.03E+01 -1.52E+01 -1.04E+01 -6.24E+00
 -3.19E+00 -1.32E+00 -4.07E-01 -8.54E-02 -1.10E-02 -1.34E-05 -1.87E-10 -5.29E-13
    360.00         X       -105.98    
 -2.14E+01 -2.07E+01 -2.04E+01 -1.98E+01 -1.91E+01 -1.83E+01 -1.72E+01 -1.60E+01
 -1.46E+01 -1.30E+01 -1.13E+01 -9.45E+00 -7.53E+00 -5.65E+00 -3.90E+00 -2.40E+00
 -1.27E+00 -5.42E-01 -1.73E-01 -3.73E-02 -4.86E-03 -5.64E-06 -7.18E-11 -1.97E-13
    360.00         Y       0.00000E-01
 -7.12E-06 -6.67E-06 -6.46E-06 -6.12E-06 -5.70E-06 -5.22E-06 -4.68E-06 -4.09E-06
 -3.48E-06 -2.87E-06 -2.30E-06 -1.78E-06 -1.31E-06 -8.98E-07 -5.62E-07 -3.11E-07
 -1.46E-07 -5.58E-08 -1.61E-08 -3.17E-09 -3.94E-10 -4.85E-13 -7.33E-18 -2.13E-20
    360.00         Z       -276.72    
 -4.61E+01 -4.48E+01 -4.41E+01 -4.31E+01 -4.17E+01 -4.01E+01 -3.81E+01 -3.57E+01
 -3.29E+01 -2.97E+01 -2.61E+01 -2.20E+01 -1.77E+01 -1.32E+01 -8.98E+00 -5.36E+00
 -2.71E+00 -1.10E+00 -3.32E-01 -6.83E-02 -8.73E-03 -1.07E-05 -1.53E-10 -4.37E-13
    380.00         X       -87.621    
 -2.09E+01 -2.03E+01 -1.99E+01 -1.94E+01 -1.88E+01 -1.80E+01 -1.71E+01 -1.60E+01
 -1.47E+01 -1.33E+01 -1.17E+01 -9.92E+00 -8.03E+00 -6.09E+00 -4.22E+00 -2.59E+00
 -1.35E+00 -5.67E-01 -1.78E-01 -3.79E-02 -4.93E-03 -5.89E-06 -7.86E-11 -2.19E-13
    380.00         Y       0.00000E-01
 -7.79E-06 -7.54E-06 -7.41E-06 -7.21E-06 -6.93E-06 -6.60E-06 -6.19E-06 -5.69E-06
 -5.12E-06 -4.46E-06 -3.74E-06 -2.99E-06 -2.26E-06 -1.58E-06 -1.00E-06 -5.58E-07
 -2.63E-07 -9.99E-08 -2.85E-08 -5.57E-09 -6.83E-10 -8.17E-13 -1.21E-17 -3.50E-20
    380.00         Z       -240.98    
 -3.90E+01 -3.79E+01 -3.73E+01 -3.65E+01 -3.53E+01 -3.39E+01 -3.22E+01 -3.02E+01
 -2.79E+01 -2.51E+01 -2.20E+01 -1.86E+01 -1.48E+01 -1.10E+01 -7.45E+00 -4.40E+00
 -2.18E+00 -8.64E-01 -2.54E-01 -5.10E-02 -6.38E-03 -7.76E-06 -1.14E-10 -3.28E-13
    400.00         X       -73.070    
 -2.16E+01 -2.09E+01 -2.06E+01 -2.01E+01 -1.95E+01 -1.87E+01 -1.78E+01 -1.67E+01
 -1.54E+01 -1.40E+01 -1.24E+01 -1.06E+01 -8.60E+00 -6.53E+00 -4.51E+00 -2.73E+00
 -1.40E+00 -5.72E-01 -1.75E-01 -3.62E-02 -4.64E-03 -5.57E-06 -7.70E-11 -2.18E-13
    400.00         Y       0.00000E-01
 -6.23E-06 -5.94E-06 -5.80E-06 -5.59E-06 -5.31E-06 -4.99E-06 -4.62E-06 -4.20E-06
 -3.74E-06 -3.26E-06 -2.76E-06 -2.25E-06 -1.74E-06 -1.24E-06 -8.03E-07 -4.53E-07
 -2.15E-07 -8.15E-08 -2.31E-08 -4.48E-09 -5.44E-10 -6.44E-13 -9.66E-18 -2.81E-20
    400.00         Z       -211.08    
 -3.29E+01 -3.19E+01 -3.14E+01 -3.06E+01 -2.96E+01 -2.83E+01 -2.68E+01 -2.50E+01
 -2.29E+01 -2.04E+01 -1.77E+01 -1.47E+01 -1.16E+01 -8.45E+00 -5.60E+00 -3.25E+00
 -1.58E+00 -6.10E-01 -1.75E-01 -3.39E-02 -4.12E-03 -4.92E-06 -7.42E-11 -2.16E-13
    420.00         X       -61.416    
 -2.39E+01 -2.32E+01 -2.28E+01 -2.22E+01 -2.14E+01 -2.05E+01 -1.94E+01 -1.81E+01
 -1.66E+01 -1.49E+01 -1.30E+01 -1.10E+01 -8.80E+00 -6.57E+00 -4.46E+00 -2.66E+00
 -1.33E+00 -5.32E-01 -1.58E-01 -3.19E-02 -3.99E-03 -4.75E-06 -6.73E-11 -1.92E-13
    420.00         Y       0.00000E-01
 -5.22E-07 -6.23E-07 -6.70E-07 -7.43E-07 -8.35E-07 -9.35E-07 -1.04E-06 -1.15E-06
 -1.24E-06 -1.29E-06 -1.29E-06 -1.21E-06 -1.05E-06 -8.23E-07 -5.69E-07 -3.36E-07
 -1.63E-07 -6.22E-08 -1.75E-08 -3.31E-09 -3.92E-10 -4.53E-13 -6.82E-18 -1.99E-20
    420.00         Z       -185.89    
 -2.51E+01 -2.42E+01 -2.38E+01 -2.32E+01 -2.23E+01 -2.12E+01 -1.99E+01 -1.84E+01
 -1.66E+01 -1.46E+01 -1.23E+01 -9.98E+00 -7.61E+00 -5.38E+00 -3.45E+00 -1.94E+00
 -9.19E-01 -3.47E-01 -9.65E-02 -1.81E-02 -2.13E-03 -2.48E-06 -3.86E-11 -1.14E-13
    440.00         X       -51.994    
 -2.44E+01 -2.36E+01 -2.31E+01 -2.25E+01 -2.16E+01 -2.06E+01 -1.93E+01 -1.78E+01
 -1.62E+01 -1.43E+01 -1.22E+01 -1.01E+01 -7.86E+00 -5.72E+00 -3.79E+00 -2.21E+00
 -1.09E+00 -4.28E-01 -1.25E-01 -2.48E-02 -3.05E-03 -3.57E-06 -5.13E-11 -1.47E-13
    440.00         Y       0.00000E-01
  2.13E-07  1.44E-07  1.10E-07  5.75E-08 -1.13E-08 -9.14E-08 -1.85E-07 -2.88E-07
 -3.91E-07 -4.84E-07 -5.49E-07 -5.68E-07 -5.29E-07 -4.37E-07 -3.13E-07 -1.89E-07
 -9.30E-08 -3.59E-08 -1.02E-08 -1.94E-09 -2.30E-10 -2.66E-13 -4.03E-18 -1.18E-20
    440.00         Z       -164.53    
 -1.37E+01 -1.32E+01 -1.29E+01 -1.25E+01 -1.20E+01 -1.14E+01 -1.06E+01 -9.64E+00
 -8.56E+00 -7.35E+00 -6.04E+00 -4.71E+00 -3.43E+00 -2.30E+00 -1.39E+00 -7.40E-01
 -3.34E-01 -1.20E-01 -3.20E-02 -5.65E-03 -6.20E-04 -6.95E-07 -1.19E-11 -3.61E-14
    460.00         X       -44.311    
 -1.95E+01 -1.88E+01 -1.84E+01 -1.78E+01 -1.71E+01 -1.62E+01 -1.52E+01 -1.39E+01
 -1.25E+01 -1.09E+01 -9.21E+00 -7.46E+00 -5.71E+00 -4.07E+00 -2.65E+00 -1.52E+00
 -7.41E-01 -2.89E-01 -8.41E-02 -1.65E-02 -2.02E-03 -2.34E-06 -3.38E-11 -9.72E-14
    460.00         Y       0.00000E-01
 -2.89E-07 -3.29E-07 -3.47E-07 -3.75E-07 -4.10E-07 -4.46E-07 -4.83E-07 -5.17E-07
 -5.42E-07 -5.49E-07 -5.32E-07 -4.87E-07 -4.13E-07 -3.18E-07 -2.17E-07 -1.27E-07
 -6.10E-08 -2.32E-08 -6.49E-09 -1.22E-09 -1.44E-10 -1.62E-13 -2.39E-18 -6.95E-21
    460.00         Z       -146.31    
 -2.99E+00 -2.86E+00 -2.80E+00 -2.71E+00 -2.57E+00 -2.41E+00 -2.21E+00 -1.96E+00
 -1.67E+00 -1.35E+00 -1.01E+00 -6.77E-01 -3.89E-01 -1.73E-01 -4.30E-02  1.28E-02
  2.19E-02  1.39E-02  5.57E-03  1.42E-03  2.09E-04  2.54E-07  2.63E-12  6.52E-15
    480.00         X       -37.996    
 -1.26E+01 -1.21E+01 -1.18E+01 -1.15E+01 -1.10E+01 -1.04E+01 -9.68E+00 -8.85E+00
 -7.91E+00 -6.88E+00 -5.78E+00 -4.64E+00 -3.53E+00 -2.50E+00 -1.61E+00 -9.23E-01
 -4.48E-01 -1.75E-01 -5.09E-02 -1.00E-02 -1.22E-03 -1.41E-06 -2.03E-11 -5.84E-14
    480.00         Y       0.00000E-01
  3.48E-08  1.86E-08  1.08E-08 -1.47E-09 -1.73E-08 -3.54E-08 -5.62E-08 -7.87E-08
 -1.01E-07 -1.20E-07 -1.33E-07 -1.35E-07 -1.25E-07 -1.04E-07 -7.50E-08 -4.60E-08
 -2.31E-08 -9.04E-09 -2.59E-09 -4.94E-10 -5.86E-11 -6.76E-14 -1.03E-18 -3.02E-21
    480.00         Z       -130.66    
  2.20E+00  2.12E+00  2.08E+00  2.02E+00  1.95E+00  1.86E+00  1.76E+00  1.64E+00
  1.51E+00  1.37E+00  1.22E+00  1.05E+00  8.61E-01  6.62E-01  4.62E-01  2.83E-01
  1.45E-01  5.93E-02  1.80E-02  3.69E-03  4.67E-04  5.42E-07  7.21E-12  2.01E-14
    500.00         X       -32.766    
 -7.48E+00 -7.19E+00 -7.04E+00 -6.82E+00 -6.52E+00 -6.17E+00 -5.74E+00 -5.25E+00
 -4.69E+00 -4.07E+00 -3.41E+00 -2.74E+00 -2.08E+00 -1.48E+00 -9.55E-01 -5.46E-01
 -2.66E-01 -1.04E-01 -3.03E-02 -5.98E-03 -7.31E-04 -8.45E-07 -1.21E-11 -3.47E-14
    500.00         Y       0.00000E-01
  2.55E-07  2.24E-07  2.09E-07  1.87E-07  1.59E-07  1.28E-07  9.37E-08  5.82E-08
  2.45E-08 -4.72E-09 -2.63E-08 -3.86E-08 -4.17E-08 -3.69E-08 -2.75E-08 -1.69E-08
 -8.44E-09 -3.27E-09 -9.24E-10 -1.75E-10 -2.08E-11 -2.46E-14 -3.88E-19 -1.15E-21
    500.00         Z       -117.16    
  3.37E+00  3.25E+00  3.19E+00  3.09E+00  2.96E+00  2.81E+00  2.63E+00  2.42E+00
  2.19E+00  1.93E+00  1.66E+00  1.37E+00  1.07E+00  7.86E-01  5.26E-01  3.10E-01
  1.55E-01  6.20E-02  1.85E-02  3.72E-03  4.62E-04  5.32E-07  7.27E-12  2.05E-14
    520.00         X       -28.406    
 -4.51E+00 -4.33E+00 -4.25E+00 -4.11E+00 -3.93E+00 -3.72E+00 -3.46E+00 -3.16E+00
 -2.83E+00 -2.46E+00 -2.06E+00 -1.66E+00 -1.26E+00 -8.98E-01 -5.83E-01 -3.34E-01
 -1.63E-01 -6.41E-02 -1.87E-02 -3.71E-03 -4.54E-04 -5.25E-07 -7.46E-12 -2.13E-14
    520.00         Y       0.00000E-01
  2.87E-09  1.95E-09  1.47E-09  6.28E-10 -5.76E-10 -2.14E-09 -4.21E-09 -6.80E-09
 -9.81E-09 -1.30E-08 -1.57E-08 -1.73E-08 -1.71E-08 -1.48E-08 -1.11E-08 -7.01E-09
 -3.60E-09 -1.44E-09 -4.20E-10 -8.19E-11 -9.91E-12 -1.20E-14 -1.90E-19 -5.62E-22
    520.00         Z       -105.45    
  3.14E+00  3.02E+00  2.96E+00  2.87E+00  2.75E+00  2.60E+00  2.43E+00  2.24E+00
  2.01E+00  1.77E+00  1.50E+00  1.23E+00  9.54E-01  6.92E-01  4.59E-01  2.68E-01
  1.33E-01  5.30E-02  1.57E-02  3.15E-03  3.90E-04  4.47E-07  6.13E-12  1.73E-14
    540.00         X       -24.747    
 -2.84E+00 -2.73E+00 -2.67E+00 -2.59E+00 -2.47E+00 -2.34E+00 -2.18E+00 -1.99E+00
 -1.78E+00 -1.55E+00 -1.30E+00 -1.05E+00 -8.04E-01 -5.73E-01 -3.73E-01 -2.15E-01
 -1.05E-01 -4.14E-02 -1.21E-02 -2.41E-03 -2.96E-04 -3.41E-07 -4.82E-12 -1.38E-14
    540.00         Y       0.00000E-01
 -5.94E-08 -5.68E-08 -5.55E-08 -5.36E-08 -5.11E-08 -4.83E-08 -4.50E-08 -4.14E-08
 -3.75E-08 -3.34E-08 -2.91E-08 -2.45E-08 -1.96E-08 -1.45E-08 -9.71E-09 -5.64E-09
 -2.74E-09 -1.06E-09 -3.03E-10 -5.86E-11 -7.04E-12 -8.23E-15 -1.24E-19 -3.62E-22
    540.00         Z       -95.243    
  2.61E+00  2.51E+00  2.46E+00  2.38E+00  2.28E+00  2.16E+00  2.02E+00  1.85E+00
  1.67E+00  1.46E+00  1.24E+00  1.01E+00  7.83E-01  5.67E-01  3.74E-01  2.19E-01
  1.08E-01  4.30E-02  1.27E-02  2.55E-03  3.15E-04  3.60E-07  4.94E-12  1.40E-14
    560.00         X       -21.659    
 -1.87E+00 -1.80E+00 -1.76E+00 -1.71E+00 -1.63E+00 -1.54E+00 -1.44E+00 -1.32E+00
 -1.18E+00 -1.03E+00 -8.65E-01 -6.99E-01 -5.35E-01 -3.83E-01 -2.50E-01 -1.45E-01
 -7.10E-02 -2.80E-02 -8.23E-03 -1.64E-03 -2.01E-04 -2.32E-07 -3.26E-12 -9.29E-15
    560.00         Y       0.00000E-01
 -5.98E-08 -5.65E-08 -5.49E-08 -5.24E-08 -4.93E-08 -4.56E-08 -4.15E-08 -3.68E-08
 -3.19E-08 -2.68E-08 -2.19E-08 -1.73E-08 -1.29E-08 -9.05E-09 -5.77E-09 -3.23E-09
 -1.52E-09 -5.74E-10 -1.61E-10 -3.06E-11 -3.64E-12 -4.29E-15 -6.59E-20 -1.93E-22
    560.00         Z       -86.304    
  2.11E+00  2.03E+00  1.99E+00  1.93E+00  1.84E+00  1.75E+00  1.63E+00  1.50E+00
  1.35E+00  1.18E+00  1.00E+00  8.16E-01  6.32E-01  4.57E-01  3.02E-01  1.76E-01
  8.71E-02  3.46E-02  1.02E-02  2.05E-03  2.53E-04  2.89E-07  3.96E-12  1.12E-14
    580.00         X       -19.038    
 -1.29E+00 -1.24E+00 -1.21E+00 -1.17E+00 -1.12E+00 -1.06E+00 -9.91E-01 -9.07E-01
 -8.12E-01 -7.08E-01 -5.98E-01 -4.84E-01 -3.72E-01 -2.67E-01 -1.75E-01 -1.01E-01
 -4.98E-02 -1.97E-02 -5.79E-03 -1.15E-03 -1.42E-04 -1.64E-07 -2.29E-12 -6.50E-15
    580.00         Y       0.00000E-01
 -3.60E-08 -3.42E-08 -3.33E-08 -3.20E-08 -3.02E-08 -2.82E-08 -2.58E-08 -2.32E-08
 -2.04E-08 -1.74E-08 -1.44E-08 -1.15E-08 -8.73E-09 -6.17E-09 -3.96E-09 -2.23E-09
 -1.06E-09 -4.03E-10 -1.14E-10 -2.18E-11 -2.61E-12 -3.01E-15 -4.45E-20 -1.29E-22
    580.00         Z       -78.447    
  1.70E+00  1.64E+00  1.61E+00  1.56E+00  1.49E+00  1.41E+00  1.32E+00  1.21E+00
  1.09E+00  9.53E-01  8.09E-01  6.60E-01  5.11E-01  3.69E-01  2.44E-01  1.42E-01
  7.04E-02  2.80E-02  8.29E-03  1.66E-03  2.05E-04  2.33E-07  3.19E-12  9.00E-15
    600.00         X       -16.801    
 -9.17E-01 -8.81E-01 -8.64E-01 -8.37E-01 -8.01E-01 -7.58E-01 -7.07E-01 -6.47E-01
 -5.80E-01 -5.07E-01 -4.28E-01 -3.47E-01 -2.67E-01 -1.92E-01 -1.26E-01 -7.32E-02
 -3.61E-02 -1.43E-02 -4.21E-03 -8.40E-04 -1.04E-04 -1.19E-07 -1.65E-12 -4.70E-15
    600.00         Y       0.00000E-01
 -1.11E-08 -1.06E-08 -1.04E-08 -9.97E-09 -9.47E-09 -8.91E-09 -8.25E-09 -7.52E-09
 -6.74E-09 -5.93E-09 -5.09E-09 -4.23E-09 -3.35E-09 -2.46E-09 -1.64E-09 -9.52E-10
 -4.62E-10 -1.78E-10 -5.11E-11 -9.92E-12 -1.21E-12 -1.47E-15 -2.28E-20 -6.69E-23
    600.00         Z       -71.514    
  1.38E+00  1.33E+00  1.31E+00  1.27E+00  1.21E+00  1.15E+00  1.07E+00  9.86E-01
  8.86E-01  7.76E-01  6.59E-01  5.38E-01  4.16E-01  3.01E-01  1.99E-01  1.16E-01
  5.75E-02  2.29E-02  6.77E-03  1.35E-03  1.67E-04  1.90E-07  2.59E-12  7.31E-15
