Data type: xyz; UNIT: metre
           1       -0.0000000        0.0000000        0.0000000
           2        5.0000000        0.0000000        0.0000000
           3       10.0000000        0.0000000        0.0000000
           4       15.0000000        0.0000000        0.0000000
           5       20.0000000        0.0000000        0.0000000
           6       25.0000000        0.0000000        0.0000000
           7       30.0000000        0.0000000        0.0000000
           8       35.0000000        0.0000000        0.0000000
           9       40.0000000        0.0000000        0.0000000
          10       45.0000000        0.0000000        0.0000000
          11       50.0000000        0.0000000        0.0000000
          12       55.0000000        0.0000000        0.0000000
          13       60.0000000        0.0000000        0.0000000
          14       65.0000000        0.0000000        0.0000000
          15       70.0000000        0.0000000        0.0000000
          16       75.0000000        0.0000000        0.0000000
          17       80.0000000        0.0000000        0.0000000
          18       85.0000000        0.0000000        0.0000000
          19       90.0000000        0.0000000        0.0000000
          20       95.0000000        0.0000000        0.0000000
          21      100.0000000        0.0000000        0.0000000
          22      105.0000000        0.0000000        0.0000000
          23      110.0000000        0.0000000        0.0000000
          24      115.0000000        0.0000000        0.0000000
          25      120.0000000        0.0000000        0.0000000
          26      125.0000000        0.0000000        0.0000000
          27      130.0000000        0.0000000        0.0000000
          28      135.0000000        0.0000000        0.0000000
          29      140.0000000        0.0000000        0.0000000
          30      145.0000000        0.0000000        0.0000000
          31      150.0000000        0.0000000        0.0000000
          32      155.0000000        0.0000000        0.0000000
          33      160.0000000        0.0000000        0.0000000
          34      165.0000000        0.0000000        0.0000000
          35      170.0000000        0.0000000        0.0000000
          36      175.0000000        0.0000000        0.0000000
          37      180.0000000        0.0000000        0.0000000
          38      185.0000000        0.0000000        0.0000000
          39      190.0000000        0.0000000        0.0000000
          40      195.0000000        0.0000000        0.0000000
          41      200.0000000        0.0000000        0.0000000
          42      205.0000000        0.0000000        0.0000000
          43      210.0000000        0.0000000        0.0000000
          44      215.0000000        0.0000000        0.0000000
          45      220.0000000        0.0000000        0.0000000
          46      225.0000000        0.0000000        0.0000000
          47      230.0000000        0.0000000        0.0000000
          48      235.0000000        0.0000000        0.0000000
          49      240.0000000        0.0000000        0.0000000
          50      245.0000000        0.0000000        0.0000000
          51      250.0000000        0.0000000        0.0000000
          52      255.0000000        0.0000000        0.0000000
          53      260.0000000        0.0000000        0.0000000
          54      265.0000000        0.0000000        0.0000000
          55      270.0000000        0.0000000        0.0000000
          56      275.0000000        0.0000000        0.0000000
          57      280.0000000        0.0000000        0.0000000
          58      285.0000000        0.0000000        0.0000000
          59      290.0000000        0.0000000        0.0000000
          60      295.0000000        0.0000000        0.0000000
          61      300.0000000        0.0000000        0.0000000
          62      305.0000000        0.0000000        0.0000000
          63      310.0000000        0.0000000        0.0000000
          64      315.0000000        0.0000000        0.0000000
          65      320.0000000        0.0000000        0.0000000
          66      325.0000000        0.0000000        0.0000000
          67      330.0000000        0.0000000        0.0000000
          68      335.0000000        0.0000000        0.0000000
          69      340.0000000        0.0000000        0.0000000
          70      345.0000000        0.0000000        0.0000000
          71      350.0000000        0.0000000        0.0000000
          72      355.0000000        0.0000000        0.0000000
          73      360.0000000        0.0000000        0.0000000
          74      365.0000000        0.0000000        0.0000000
          75      370.0000000        0.0000000        0.0000000
          76      375.0000000        0.0000000        0.0000000
          77      380.0000000        0.0000000        0.0000000
          78      385.0000000        0.0000000        0.0000000
          79      390.0000000        0.0000000        0.0000000
          80      395.0000000        0.0000000        0.0000000
          81      400.0000000        0.0000000        0.0000000
          82      405.0000000        0.0000000        0.0000000
          83      410.0000000        0.0000000        0.0000000
          84      415.0000000        0.0000000        0.0000000
          85      420.0000000        0.0000000        0.0000000
          86      425.0000000        0.0000000        0.0000000
          87      430.0000000        0.0000000        0.0000000
          88      435.0000000        0.0000000        0.0000000
          89      440.0000000        0.0000000        0.0000000
          90      445.0000000        0.0000000        0.0000000
          91      450.0000000        0.0000000        0.0000000
          92      455.0000000        0.0000000        0.0000000
          93      460.0000000        0.0000000        0.0000000
          94      465.0000000        0.0000000        0.0000000
          95      470.0000000        0.0000000        0.0000000
          96      475.0000000        0.0000000        0.0000000
          97      480.0000000        0.0000000        0.0000000
          98      485.0000000        0.0000000        0.0000000
          99      490.0000000        0.0000000        0.0000000
         100      495.0000000        0.0000000        0.0000000
         101      500.0000000        0.0000000        0.0000000
         102      505.0000000        0.0000000        0.0000000
         103      510.0000000        0.0000000        0.0000000
         104      515.0000000        0.0000000        0.0000000
         105      520.0000000        0.0000000        0.0000000
         106      525.0000000        0.0000000        0.0000000
         107      530.0000000        0.0000000        0.0000000
         108      535.0000000        0.0000000        0.0000000
         109      540.0000000        0.0000000        0.0000000
         110      545.0000000        0.0000000        0.0000000
         111      550.0000000        0.0000000        0.0000000
         112      555.0000000        0.0000000        0.0000000
         113      560.0000000        0.0000000        0.0000000
         114      565.0000000        0.0000000        0.0000000
         115      570.0000000        0.0000000        0.0000000
         116      575.0000000        0.0000000        0.0000000
         117      580.0000000        0.0000000        0.0000000
         118      585.0000000        0.0000000        0.0000000
         119      590.0000000        0.0000000        0.0000000
         120      595.0000000        0.0000000        0.0000000
         121      600.0000000        0.0000000        0.0000000
